1.6568320e+07
1.5625000e-02
1.6582656e+07
2.1767214e-01
1.6783360e+07
-4.5197010e-03
1.6693248e+07
1.7482635e-01
1.6680960e+07
-2.0102105e-01
1.6889856e+07
4.6143860e-02
1.6705536e+07
1.2553230e-01
1.6537600e+07
1.8491995e-01
1.6842752e+07
-3.8332105e-01
1.6748544e+07
-1.6222820e-02
1.6795648e+07
-4.3999785e-01
1.6754688e+07
-3.8008505e-01
1.6777216e+07
-1.9518335e-01
1.6472064e+07
3.9067864e-03
1.6711680e+07
-4.2115784e-01
1.6904192e+07
3.6468387e-02
1.6736256e+07
2.1751726e-01
1.6771072e+07
9.6591160e-02
1.6707584e+07
-4.8870444e-02
1.6857088e+07
-2.8795764e-01
1.6781312e+07
-1.4251645e-01
1.6529408e+07
-1.1669698e-01
1.6814080e+07
5.2608198e-01
1.6728065e+07
-3.1034607e-01
1.6820224e+07
3.5175472e-02
1.6754688e+07
-1.5440536e-01
1.6687104e+07
1.0520253e+00
1.6652288e+07
-1.2532082e-01
1.6855040e+07
-6.1802030e-01
1.6932864e+07
-1.5575999e-01
1.6519168e+07
1.3205931e-01
1.6771072e+07
3.0952677e-01
1.6951296e+07
2.4240352e-02
1.6633856e+07
-2.4076089e-02
1.6619520e+07
-1.1313084e-01
1.6760832e+07
6.2035608e-01
1.6805888e+07
5.4289848e-02
1.6736256e+07
2.7016681e-01
1.6859136e+07
1.2180410e-01
1.6687104e+07
-2.5725496e-01
1.6619520e+07
6.4470428e-01
1.7059840e+07
1.6268906e-01
1.6603137e+07
-1.4006644e-03
1.6642048e+07
2.7144849e-02
1.6848896e+07
2.3752242e-02
1.6947200e+07
3.4556568e-02
1.6781312e+07
1.2076908e-01
1.6625664e+07
5.6015861e-01
1.6736256e+07
-2.3581928e-01
1.6850944e+07
4.3302757e-01
1.6717824e+07
2.7601707e-01
1.6678912e+07
-2.0280737e-01
1.6668672e+07
5.2908659e-02
1.6773120e+07
-5.8935344e-02
1.6826368e+07
3.4937000e-01
1.6834560e+07
1.6816227e-01
1.6601088e+07
-4.2352134e-01
1.6807936e+07
4.1544932e-01
1.6936960e+07
2.3835158e-01
1.6771072e+07
-1.6082701e-01
1.6777216e+07
-2.0030773e-01
1.6697344e+07
-2.1708401e-01
1.6771072e+07
-2.4412574e-01
1.6828416e+07
-2.3868430e-01
1.6689152e+07
4.8179857e-02
1.6764928e+07
5.0910938e-01
1.6691200e+07
3.6347777e-02
1.6930816e+07
-1.6194300e-01
1.6748544e+07
1.6030639e-02
1.6533504e+07
3.7546344e-02
1.6756736e+07
1.0344839e-01
1.6926720e+07
-7.6684535e-02
1.6670719e+07
4.7137100e-01
1.6572416e+07
4.8019868e-01
1.6904192e+07
-2.3113602e-01
1.6838656e+07
1.5261781e-01
1.6644096e+07
-4.6397185e-01
1.6832512e+07
8.9687049e-02
1.6740352e+07
-1.5324502e-01
1.6834560e+07
-8.1920385e-02
1.6818176e+07
-3.0784729e-01
1.6674816e+07
7.8839302e-02
1.6594944e+07
-1.5048045e-01
1.6715776e+07
5.3361416e-01
1.6926720e+07
2.9321539e-01
1.6764929e+07
1.4356250e-01
1.6527360e+07
6.7767417e-01
1.6717824e+07
5.5293661e-01
1.6885760e+07
1.0374018e-01
1.6699392e+07
1.0704586e-01
1.6531456e+07
3.3658192e-01
1.6791552e+07
1.5978521e-01
1.6801792e+07
-3.2323438e-01
1.6781312e+07
-5.1918000e-01
1.6580608e+07
3.0472997e-01
1.6654336e+07
-1.3120937e-01
1.6930816e+07
-2.3964435e-02
1.6711680e+07
1.9525422e-01
1.6728064e+07
-2.5391483e-01
1.6629761e+07
-2.7162972e-01
1.6660480e+07
-5.2234381e-02
1.6830464e+07
-3.9915919e-02
1.6760832e+07
4.9903631e-02
1.6642048e+07
2.0989552e-01
1.6713728e+07
5.0478947e-01
1.6977920e+07
-3.4825459e-02
1.6941056e+07
3.4642521e-01
1.2636160e+07
5.3440553e-01
1.1911168e+07
3.0025616e-01
1.4112768e+07
9.8125303e-01
1.2109825e+07
7.8143233e-01
1.7739776e+07
-3.3155322e-01
1.6771072e+07
-2.7090192e-02
1.6828416e+07
-2.2037280e-01
1.6957440e+07
-5.7247198e-01
1.6877568e+07
1.8240577e-01
1.6926720e+07
1.4444020e-01
1.6922624e+07
-1.2293184e-01
1.6844800e+07
-1.7137170e-02
1.6908288e+07
2.7805990e-01
1.6992256e+07
-6.0031903e-01
1.6891904e+07
3.1405032e-02
1.6822272e+07
2.1364129e-01
1.6832512e+07
-9.2402196e-01
1.6766977e+07
-1.4359206e-01
1.6787456e+07
-4.9159026e-01
1.6791552e+07
-2.4886727e-01
1.6801792e+07
-7.6955187e-01
1.6807936e+07
2.7854964e-03
1.6814080e+07
-7.5090259e-02
1.6797696e+07
1.7186072e-02
1.6783360e+07
-1.7076290e-01
1.6789504e+07
-3.5462385e-01
1.6779264e+07
-1.9694155e-01
1.6869376e+07
-2.1746378e-01
1.6824320e+07
1.6750231e-01
1.6924672e+07
3.8875869e-01
1.6934912e+07
1.1365192e-01
1.6988160e+07
1.2743825e-01
1.6998400e+07
4.5603541e-01
1.7068032e+07
1.1925600e-01
1.7133568e+07
5.4123056e-01
1.7197056e+07
1.3557225e-01
1.7164288e+07
4.0601349e-01
1.7127424e+07
1.9931602e-01
1.7111040e+07
-3.4492695e-01
1.7051648e+07
2.3903164e-01
1.6967680e+07
6.2000826e-03
1.6871424e+07
-3.0458677e-01
1.6801792e+07
-1.9468716e-01
1.6865280e+07
1.8014641e-01
1.6795648e+07
-1.3124147e-01
1.6705536e+07
-1.8901581e-01
1.6623616e+07
-1.3641232e-01
1.6590848e+07
-1.5945657e-01
1.6553984e+07
-1.9600767e-01
1.6685056e+07
-1.6414940e-02
1.6883712e+07
-7.5854674e-02
1.7162240e+07
1.9606245e-01
1.7313792e+07
-2.6323029e-01
1.7377280e+07
4.3984983e-02
1.7307648e+07
-4.4716787e-01
1.7242112e+07
2.2498503e-02
1.6998400e+07
1.0606223e-01
1.6699392e+07
-1.1691102e-01
1.6445440e+07
-3.2277939e-01
1.6197632e+07
-2.2316521e-01
1.6291840e+07
-3.2126427e-01
1.6625664e+07
-4.7948760e-01
1.7242114e+07
-1.5481722e-01
1.7524736e+07
-2.0646346e-01
1.7565696e+07
8.1449336e-01
1.7346560e+07
5.3049588e-01
1.6922624e+07
8.5718513e-01
1.6443392e+07
3.6403313e-01
1.6179200e+07
-2.0104080e-01
1.6203776e+07
1.8977374e-02
1.6683008e+07
3.4463573e-01
1.7297408e+07
-6.6633558e-01
1.7668096e+07
-3.6928701e-01
1.7500160e+07
4.7506136e-01
1.7059840e+07
-1.0188633e-01
1.6449536e+07
2.0083904e-01
1.6078848e+07
3.0324423e-01
1.6310272e+07
3.2866174e-01
1.6902144e+07
5.5339718e-01
1.7528832e+07
4.2189706e-02
1.7602560e+07
9.4876707e-02
1.7119232e+07
-3.6001891e-01
1.6449536e+07
-4.0219063e-01
1.6156672e+07
2.0172223e-01
1.6414720e+07
-2.8034300e-01
1.7065984e+07
-1.2731278e-01
1.7590272e+07
-2.9758784e-01
1.7453056e+07
-6.5282464e-02
1.6723968e+07
-2.6767814e-01
1.6201728e+07
-2.6494741e-01
1.6214016e+07
-8.6189806e-02
1.6947200e+07
5.7321215e-01
1.7618944e+07
2.0411313e-01
1.7602560e+07
3.8425443e-01
1.6818176e+07
2.1436954e-01
1.6060416e+07
-4.4534510e-01
1.6193535e+07
5.7159537e-01
1.7197056e+07
2.9743356e-01
1.7836032e+07
-1.2493420e-01
1.7491968e+07
-3.2771945e-01
1.6351232e+07
1.9148108e-01
1.5845376e+07
-3.7070960e-01
1.6664576e+07
4.2963445e-02
1.7778688e+07
4.7096065e-01
1.7807360e+07
5.0121689e-01
1.6627712e+07
1.5005334e-01
1.5759360e+07
-1.8868053e-01
1.6549888e+07
-4.3559253e-02
1.7790976e+07
4.1414362e-01
1.7813504e+07
-2.9554671e-01
1.6418816e+07
-1.7601149e-01
1.5802368e+07
3.7341231e-01
1.6883712e+07
4.2842165e-01
1.7963008e+07
6.6189200e-02
1.7356800e+07
-2.5277615e-01
1.5921152e+07
2.2868165e-01
1.6250880e+07
-8.7717640e-01
1.7553408e+07
3.9468074e-01
1.7784832e+07
1.3371858e-01
1.6373760e+07
-3.5516971e-01
1.5949824e+07
-5.6515330e-01
1.7197056e+07
7.0508933e-01
1.7864704e+07
1.3705948e-01
1.6648192e+07
9.8577142e-03
1.5937536e+07
-6.2756300e-01
1.7010688e+07
6.8497610e-01
1.7803264e+07
4.5164740e-01
1.6734207e+07
-1.2480682e-01
1.5947776e+07
6.5406188e-02
1.7053696e+07
9.2510664e-01
1.7737728e+07
3.8619113e-01
1.6680960e+07
-4.6797186e-01
1.6101376e+07
7.9474449e-02
1.7115136e+07
-3.2401147e-01
1.7526784e+07
1.3942942e-02
1.6455680e+07
5.6436521e-01
1.6312320e+07
-9.6251890e-02
1.7379328e+07
-9.5837480e-01
1.7240064e+07
-8.3553886e-01
1.6306176e+07
2.6959777e-03
1.6695296e+07
1.3876729e-01
1.7510400e+07
-1.1860897e-01
1.6875520e+07
2.3621538e-01
1.6297984e+07
5.2421838e-02
1.7131520e+07
1.0976177e-01
1.7346560e+07
2.1538222e-01
1.6427008e+07
-1.1108021e-01
1.6648192e+07
-1.7494917e-02
1.7457152e+07
1.8496007e-02
0.0000000e+00
0.0000000e+00
0.0000000e+00
0.0000000e+00
0.0000000e+00
0.0000000e+00
0.0000000e+00
0.0000000e+00
0.0000000e+00
0.0000000e+00
0.0000000e+00
0.0000000e+00
0.0000000e+00
0.0000000e+00
0.0000000e+00
0.0000000e+00
0.0000000e+00
0.0000000e+00
0.0000000e+00
0.0000000e+00
0.0000000e+00
0.0000000e+00
0.0000000e+00
0.0000000e+00
0.0000000e+00
0.0000000e+00
0.0000000e+00
0.0000000e+00
0.0000000e+00
0.0000000e+00
0.0000000e+00
0.0000000e+00
0.0000000e+00
0.0000000e+00
0.0000000e+00
0.0000000e+00
0.0000000e+00
0.0000000e+00
0.0000000e+00
0.0000000e+00
0.0000000e+00
0.0000000e+00
0.0000000e+00
0.0000000e+00
0.0000000e+00
0.0000000e+00
0.0000000e+00
0.0000000e+00
0.0000000e+00
0.0000000e+00
0.0000000e+00
0.0000000e+00
0.0000000e+00
0.0000000e+00
0.0000000e+00
0.0000000e+00
0.0000000e+00
0.0000000e+00
0.0000000e+00
0.0000000e+00
0.0000000e+00
0.0000000e+00
0.0000000e+00
0.0000000e+00
0.0000000e+00
0.0000000e+00
0.0000000e+00
0.0000000e+00
0.0000000e+00
0.0000000e+00
0.0000000e+00
0.0000000e+00
0.0000000e+00
0.0000000e+00
0.0000000e+00
0.0000000e+00
0.0000000e+00
0.0000000e+00
0.0000000e+00
0.0000000e+00
0.0000000e+00
0.0000000e+00
0.0000000e+00
0.0000000e+00
0.0000000e+00
0.0000000e+00
0.0000000e+00
0.0000000e+00
0.0000000e+00
0.0000000e+00
0.0000000e+00
0.0000000e+00
0.0000000e+00
0.0000000e+00
0.0000000e+00
0.0000000e+00
0.0000000e+00
0.0000000e+00
0.0000000e+00
0.0000000e+00
0.0000000e+00
0.0000000e+00
0.0000000e+00
0.0000000e+00
0.0000000e+00
0.0000000e+00
0.0000000e+00
0.0000000e+00
0.0000000e+00
0.0000000e+00
0.0000000e+00
0.0000000e+00
0.0000000e+00
0.0000000e+00
0.0000000e+00
0.0000000e+00
0.0000000e+00
0.0000000e+00
0.0000000e+00
0.0000000e+00
0.0000000e+00
0.0000000e+00
0.0000000e+00
0.0000000e+00
0.0000000e+00
0.0000000e+00
0.0000000e+00
0.0000000e+00
0.0000000e+00
0.0000000e+00
0.0000000e+00
0.0000000e+00
0.0000000e+00
0.0000000e+00
0.0000000e+00
0.0000000e+00
0.0000000e+00
0.0000000e+00
0.0000000e+00
0.0000000e+00
0.0000000e+00
0.0000000e+00
0.0000000e+00
0.0000000e+00
0.0000000e+00
0.0000000e+00
0.0000000e+00
0.0000000e+00
0.0000000e+00
0.0000000e+00
0.0000000e+00
0.0000000e+00
0.0000000e+00
0.0000000e+00
0.0000000e+00
0.0000000e+00
0.0000000e+00
0.0000000e+00
0.0000000e+00
0.0000000e+00
0.0000000e+00
0.0000000e+00
0.0000000e+00
0.0000000e+00
0.0000000e+00
0.0000000e+00
0.0000000e+00
0.0000000e+00
0.0000000e+00
0.0000000e+00
0.0000000e+00
0.0000000e+00
0.0000000e+00
0.0000000e+00
0.0000000e+00
0.0000000e+00
0.0000000e+00
0.0000000e+00
0.0000000e+00
0.0000000e+00
0.0000000e+00
0.0000000e+00
0.0000000e+00
0.0000000e+00
0.0000000e+00
0.0000000e+00
0.0000000e+00
0.0000000e+00
0.0000000e+00
0.0000000e+00
0.0000000e+00
0.0000000e+00
0.0000000e+00
0.0000000e+00
0.0000000e+00
0.0000000e+00
0.0000000e+00
0.0000000e+00
0.0000000e+00
0.0000000e+00
0.0000000e+00
0.0000000e+00
0.0000000e+00
0.0000000e+00
0.0000000e+00
0.0000000e+00
0.0000000e+00
0.0000000e+00
0.0000000e+00
0.0000000e+00
0.0000000e+00
0.0000000e+00
0.0000000e+00
0.0000000e+00
0.0000000e+00
0.0000000e+00
0.0000000e+00
0.0000000e+00
0.0000000e+00
0.0000000e+00
0.0000000e+00
0.0000000e+00
0.0000000e+00
0.0000000e+00
0.0000000e+00
0.0000000e+00
0.0000000e+00
0.0000000e+00
0.0000000e+00
0.0000000e+00
0.0000000e+00
0.0000000e+00
0.0000000e+00
0.0000000e+00
0.0000000e+00
0.0000000e+00
0.0000000e+00
0.0000000e+00
0.0000000e+00
0.0000000e+00
0.0000000e+00
0.0000000e+00
0.0000000e+00
0.0000000e+00
0.0000000e+00
0.0000000e+00
0.0000000e+00
0.0000000e+00
0.0000000e+00
0.0000000e+00
0.0000000e+00
0.0000000e+00
0.0000000e+00
0.0000000e+00
0.0000000e+00
0.0000000e+00
0.0000000e+00
0.0000000e+00
0.0000000e+00
0.0000000e+00
0.0000000e+00
0.0000000e+00
0.0000000e+00
0.0000000e+00
0.0000000e+00
0.0000000e+00
0.0000000e+00
0.0000000e+00
0.0000000e+00
0.0000000e+00
0.0000000e+00
0.0000000e+00
0.0000000e+00
0.0000000e+00
0.0000000e+00
0.0000000e+00
0.0000000e+00
0.0000000e+00
0.0000000e+00
0.0000000e+00
0.0000000e+00
0.0000000e+00
0.0000000e+00
0.0000000e+00
0.0000000e+00
0.0000000e+00
0.0000000e+00
0.0000000e+00
0.0000000e+00
0.0000000e+00
0.0000000e+00
0.0000000e+00
0.0000000e+00
0.0000000e+00
0.0000000e+00
0.0000000e+00
0.0000000e+00
0.0000000e+00
0.0000000e+00
0.0000000e+00
0.0000000e+00
0.0000000e+00
0.0000000e+00
0.0000000e+00
0.0000000e+00
0.0000000e+00
0.0000000e+00
0.0000000e+00
0.0000000e+00
0.0000000e+00
0.0000000e+00
0.0000000e+00
0.0000000e+00
0.0000000e+00
0.0000000e+00
0.0000000e+00
0.0000000e+00
0.0000000e+00
0.0000000e+00
0.0000000e+00
0.0000000e+00
0.0000000e+00
0.0000000e+00
0.0000000e+00
0.0000000e+00
0.0000000e+00
0.0000000e+00
0.0000000e+00
0.0000000e+00
0.0000000e+00
0.0000000e+00
0.0000000e+00
0.0000000e+00
0.0000000e+00
0.0000000e+00
0.0000000e+00
0.0000000e+00
0.0000000e+00
0.0000000e+00
0.0000000e+00
0.0000000e+00
0.0000000e+00
0.0000000e+00
0.0000000e+00
0.0000000e+00
0.0000000e+00
0.0000000e+00
0.0000000e+00
0.0000000e+00
0.0000000e+00
0.0000000e+00
0.0000000e+00
0.0000000e+00
0.0000000e+00
0.0000000e+00
0.0000000e+00
0.0000000e+00
0.0000000e+00
0.0000000e+00
0.0000000e+00
0.0000000e+00
0.0000000e+00
0.0000000e+00
0.0000000e+00
0.0000000e+00
0.0000000e+00
0.0000000e+00
0.0000000e+00
0.0000000e+00
0.0000000e+00
0.0000000e+00
0.0000000e+00
0.0000000e+00
0.0000000e+00
0.0000000e+00
0.0000000e+00
0.0000000e+00
0.0000000e+00
0.0000000e+00
0.0000000e+00
0.0000000e+00
0.0000000e+00
0.0000000e+00
0.0000000e+00
0.0000000e+00
0.0000000e+00
0.0000000e+00
0.0000000e+00
0.0000000e+00
0.0000000e+00
0.0000000e+00
0.0000000e+00
0.0000000e+00
0.0000000e+00
0.0000000e+00
0.0000000e+00
0.0000000e+00
0.0000000e+00
0.0000000e+00
0.0000000e+00
0.0000000e+00
0.0000000e+00
0.0000000e+00
0.0000000e+00
0.0000000e+00
0.0000000e+00
0.0000000e+00
0.0000000e+00
0.0000000e+00
0.0000000e+00
0.0000000e+00
0.0000000e+00
0.0000000e+00
0.0000000e+00
0.0000000e+00
0.0000000e+00
0.0000000e+00
0.0000000e+00
0.0000000e+00
0.0000000e+00
0.0000000e+00
0.0000000e+00
0.0000000e+00
0.0000000e+00
0.0000000e+00
0.0000000e+00
0.0000000e+00
0.0000000e+00
0.0000000e+00
0.0000000e+00
0.0000000e+00
0.0000000e+00
0.0000000e+00
0.0000000e+00
0.0000000e+00
0.0000000e+00
0.0000000e+00
0.0000000e+00
0.0000000e+00
0.0000000e+00
0.0000000e+00
0.0000000e+00
0.0000000e+00
0.0000000e+00
0.0000000e+00
0.0000000e+00
0.0000000e+00
0.0000000e+00
0.0000000e+00
0.0000000e+00
0.0000000e+00
0.0000000e+00
0.0000000e+00
0.0000000e+00
0.0000000e+00
0.0000000e+00
0.0000000e+00
0.0000000e+00
0.0000000e+00
0.0000000e+00
0.0000000e+00
0.0000000e+00
0.0000000e+00
0.0000000e+00
0.0000000e+00
0.0000000e+00
0.0000000e+00
0.0000000e+00
0.0000000e+00
0.0000000e+00
0.0000000e+00
0.0000000e+00
0.0000000e+00
0.0000000e+00
0.0000000e+00
0.0000000e+00
0.0000000e+00
0.0000000e+00
0.0000000e+00
0.0000000e+00
0.0000000e+00
0.0000000e+00
0.0000000e+00
0.0000000e+00
0.0000000e+00
0.0000000e+00
0.0000000e+00
0.0000000e+00
0.0000000e+00
0.0000000e+00
0.0000000e+00
0.0000000e+00
0.0000000e+00
0.0000000e+00
0.0000000e+00
0.0000000e+00
0.0000000e+00
0.0000000e+00
0.0000000e+00
0.0000000e+00
0.0000000e+00
0.0000000e+00
0.0000000e+00
0.0000000e+00
0.0000000e+00
0.0000000e+00
0.0000000e+00
0.0000000e+00
0.0000000e+00
0.0000000e+00
0.0000000e+00
0.0000000e+00
0.0000000e+00
0.0000000e+00
1.1503259e-41
0.0000000e+00
1.6725650e+07
4.1973766e+04
-5.3978680e+04
4.6142273e+04
-8.7441875e+04
3.5742492e+04
4.2091477e+04
-4.7628383e+04
1.7673496e+04
1.4332933e+04
-3.8415984e+04
5.6718203e+04
5.4505352e+04
-9.4447312e+04
5.2386586e+04
-6.5900757e+03
-2.6950539e+04
4.2868246e+04
-6.9994082e+03
-7.4439508e+04
4.0175258e+04
-3.2004734e+04
-9.0565352e+03
5.7821688e+04
-5.0518406e+04
-3.4780113e+04
6.6698203e+04
-2.4304285e+04
1.8943064e+04
3.9575625e+04
-5.7634750e+04
2.2730812e+04
3.1387076e+04
-2.2351916e+04
1.2457523e+04
1.3320582e+04
-7.5753031e+04
3.7782992e+04
6.9685928e+03
-2.8765611e+04
1.1270921e+04
-6.1625542e+03
-6.3077547e+04
9.4487805e+04
-4.7064656e+04
1.3699549e+04
2.0129049e+04
-2.1996408e+04
-8.2521484e+02
6.3509160e+04
-3.4029477e+04
-1.1573334e+04
4.7585656e+04
-8.9302781e+04
8.2363273e+04
-3.1635441e+04
-2.4075785e+04
-1.9587324e+03
2.3090992e+04
-8.5432844e+04
1.0502166e+05
-6.4555227e+04
-1.3927281e+04
6.7192047e+04
-8.1806188e+04
6.7075219e+04
1.9172307e+04
-4.9017141e+04
1.3718314e+04
7.5507023e+04
-1.0945791e+05
1.0670927e+05
-5.7905840e+04
-2.6818174e+04
6.9694047e+04
-5.8426375e+04
-1.8277312e+04
5.6175789e+04
-8.9331859e+04
2.7147988e+04
6.3573641e+04
-1.1116077e+05
8.5631500e+04
-3.6199148e+04
-2.0050801e+04
1.1863944e+05
-9.3561266e+04
-4.7172168e+03
9.9298000e+04
-8.9953836e+04
1.8703449e+04
1.0926284e+05
-1.7628872e+05
8.6162938e+04
-2.8812760e+04
-2.0488389e+04
5.8801051e+04
-5.9238734e+04
-6.8935297e+04
1.2318905e+05
-8.8286875e+04
5.4379379e+04
5.0340605e+04
-1.2930183e+05
1.1494543e+05
-1.9899910e+04
-7.0860195e+03
7.2472477e+04
-7.7333344e+04
-4.6363027e+04
1.3517884e+05
-1.1947211e+05
4.9818633e+04
2.5827783e+04
-1.3450172e+05
8.5265125e+04
1.6776193e+04
-4.8463168e+04
3.8434305e+04
-2.2554871e+04
-6.1051789e+04
1.3909734e+05
-9.9090180e+04
6.2329293e+04
-8.8627881e+02
-6.4620211e+04
6.2629723e+04
2.4252777e+04
-3.6929867e+04
1.4102418e+04
-1.4479283e+04
-5.1228062e+04
9.9431398e+04
-8.9209461e+04
2.7860754e+04
-3.0398242e+02
-6.8453562e+04
6.7082719e+04
6.8506855e+03
-3.0693068e+04
9.5677754e+03
4.2658672e+04
-8.2242047e+04
1.4284184e+05
-9.7840227e+04
4.1077895e+04
5.0566055e+03
-2.1009211e+04
-2.5181572e+04
8.3448047e+04
-1.1816989e+05
6.0189055e+04
-1.8250314e+04
-5.1929332e+04
8.0383828e+04
-6.6459031e+04
2.2875414e+04
6.0073789e+03
1.7908477e+04
-5.6420227e+04
1.1891386e+05
-1.3451750e+05
1.2128260e+05
-5.8338812e+04
1.0965137e+03
3.4286156e+04
-3.2626055e+04
1.3839102e+03
2.8534783e+04
-3.1419688e+04
-2.6258992e+04
4.4644672e+04
-7.1503953e+04
7.6400672e+04
-7.4062352e+04
3.4651664e+04
-1.6517543e+04
-5.8155430e+03
4.6679449e+04
-7.1819326e+03
-8.0751494e+03
1.0841840e+04
-1.2237402e+03
2.3038254e+04
1.9066643e+04
-6.0969418e+04
4.0744324e+04
-4.4157047e+04
-1.1372152e+04
7.1447703e+04
-8.1263172e+04
1.5772144e+04
-1.1331096e+04
7.4039785e+03
3.1531998e+04
-8.1916758e+03
-1.4050438e+04
8.9305654e+03
-1.2213074e+04
1.6345293e+04
6.5294699e+04
-1.0636297e+05
7.6471852e+04
-6.5326531e+04
7.5237828e+04
-3.1407602e+04
4.0206836e+03
-1.1002131e+04
-1.3374033e+04
-2.6547865e+04
6.3600129e+04
-3.3172902e+04
-6.4328703e+04
7.8873352e+04
-6.8127453e+04
6.3113922e+04
3.0216064e+03
-1.1117479e+04
1.9699209e+04
-9.0332891e+03
1.2742532e+04
3.9125816e+04
-4.9263375e+04
5.9142188e+03
-6.2793438e+03
-9.2123828e+03
-7.5028418e+03
2.3250939e+04
-4.6874211e+04
2.5946910e+04
-9.4470137e+03
7.5325156e+03
9.2319990e+03
-1.0642951e+04
-3.4056445e+02
9.6998906e+03
-1.5420584e+04
2.6152479e+04
-1.0678555e+04
7.1993848e+03
1.2874552e+04
-9.3125938e+03
7.9777002e+03
5.0920513e+03
-1.5542583e+04
6.9058926e+03
-3.4220000e+04
1.9632342e+04
-1.9259273e+04
-1.9020770e+04
3.1962277e+04
-1.6906738e+04
-5.9807324e+03
4.5770934e+04
-3.8277918e+04
4.3296801e+04
0.0000000e+00
5.7635406e-42
1.6568320e+07
1.6582656e+07
1.6783360e+07
1.6693248e+07
1.6680960e+07
1.6889856e+07
1.6705536e+07
1.6537600e+07
1.6842752e+07
1.6748544e+07
1.6795648e+07
1.6754688e+07
1.6777216e+07
1.6472064e+07
1.6711680e+07
1.6904192e+07
1.6736256e+07
1.6771072e+07
1.6707584e+07
1.6857088e+07
1.6781312e+07
1.6529408e+07
1.6814080e+07
1.6728065e+07
1.6820224e+07
1.6754688e+07
1.6687104e+07
1.6652288e+07
1.6855040e+07
1.6932864e+07
1.6519168e+07
1.6771072e+07
1.6951296e+07
1.6633856e+07
1.6619520e+07
1.6760832e+07
1.6805888e+07
1.6736256e+07
1.6859136e+07
1.6687104e+07
1.6619520e+07
1.7059840e+07
1.6603137e+07
1.6642048e+07
1.6848896e+07
1.6947200e+07
1.6781312e+07
1.6625664e+07
1.6736256e+07
1.6850944e+07
1.6717824e+07
1.6678912e+07
1.6668672e+07
1.6773120e+07
1.6826368e+07
1.6834560e+07
1.6601088e+07
1.6807936e+07
1.6936960e+07
1.6771072e+07
1.6777216e+07
1.6697344e+07
1.6771072e+07
1.6828416e+07
1.6689152e+07
1.6764928e+07
1.6691200e+07
1.6930816e+07
1.6748544e+07
1.6533504e+07
1.6756736e+07
1.6926720e+07
1.6670719e+07
1.6572416e+07
1.6904192e+07
1.6838656e+07
1.6644096e+07
1.6832512e+07
1.6740352e+07
1.6834560e+07
1.6818176e+07
1.6674816e+07
1.6594944e+07
1.6715776e+07
1.6926720e+07
1.6764929e+07
1.6527360e+07
1.6717824e+07
1.6885760e+07
1.6699392e+07
1.6531456e+07
1.6791552e+07
1.6801792e+07
1.6781312e+07
1.6580608e+07
1.6654336e+07
1.6930816e+07
1.6711680e+07
1.6728064e+07
1.6629761e+07
1.6660480e+07
1.6830464e+07
1.6760832e+07
1.6642048e+07
1.6713728e+07
1.6977920e+07
1.6941056e+07
1.2636160e+07
1.1911168e+07
1.4112768e+07
1.2109825e+07
1.7739776e+07
1.6771072e+07
1.6828416e+07
1.6957440e+07
1.6877568e+07
1.6926720e+07
1.6922624e+07
1.6844800e+07
1.6908288e+07
1.6992256e+07
1.6891904e+07
1.6822272e+07
1.6832512e+07
1.6766977e+07
1.6787456e+07
1.6791552e+07
1.6801792e+07
1.6807936e+07
1.6814080e+07
1.6797696e+07
1.6783360e+07
1.6789504e+07
1.6779264e+07
1.6869376e+07
1.6824320e+07
1.6924672e+07
1.6934912e+07
1.6988160e+07
1.6998400e+07
1.7068032e+07
1.7133568e+07
1.7197056e+07
1.7164288e+07
1.7127424e+07
1.7111040e+07
1.7051648e+07
1.6967680e+07
1.6871424e+07
1.6801792e+07
1.6865280e+07
1.6795648e+07
1.6705536e+07
1.6623616e+07
1.6590848e+07
1.6553984e+07
1.6685056e+07
1.6883712e+07
1.7162240e+07
1.7313792e+07
1.7377280e+07
1.7307648e+07
1.7242112e+07
1.6998400e+07
1.6699392e+07
1.6445440e+07
1.6197632e+07
1.6291840e+07
1.6625664e+07
1.7242114e+07
1.7524736e+07
1.7565696e+07
1.7346560e+07
1.6922624e+07
1.6443392e+07
1.6179200e+07
1.6203776e+07
1.6683008e+07
1.7297408e+07
1.7668096e+07
1.7500160e+07
1.7059840e+07
1.6449536e+07
1.6078848e+07
1.6310272e+07
1.6902144e+07
1.7528832e+07
1.7602560e+07
1.7119232e+07
1.6449536e+07
1.6156672e+07
1.6414720e+07
1.7065984e+07
1.7590272e+07
1.7453056e+07
1.6723968e+07
1.6201728e+07
1.6214016e+07
1.6947200e+07
1.7618944e+07
1.7602560e+07
1.6818176e+07
1.6060416e+07
1.6193535e+07
1.7197056e+07
1.7836032e+07
1.7491968e+07
1.6351232e+07
1.5845376e+07
1.6664576e+07
1.7778688e+07
1.7807360e+07
1.6627712e+07
1.5759360e+07
1.6549888e+07
1.7790976e+07
1.7813504e+07
1.6418816e+07
1.5802368e+07
1.6883712e+07
1.7963008e+07
1.7356800e+07
1.5921152e+07
1.6250880e+07
1.7553408e+07
1.7784832e+07
1.6373760e+07
1.5949824e+07
1.7197056e+07
1.7864704e+07
1.6648192e+07
1.5937536e+07
1.7010688e+07
1.7803264e+07
1.6734207e+07
1.5947776e+07
1.7053696e+07
1.7737728e+07
1.6680960e+07
1.6101376e+07
1.7115136e+07
1.7526784e+07
1.6455680e+07
1.6312320e+07
1.7379328e+07
1.7240064e+07
1.6306176e+07
1.6695296e+07
1.7510400e+07
1.6875520e+07
1.6297984e+07
1.7131520e+07
1.7346560e+07
1.6427008e+07
1.6648192e+07
1.7457152e+07
0.0000000e+00
0.0000000e+00
0.0000000e+00
0.0000000e+00
0.0000000e+00
0.0000000e+00
0.0000000e+00
0.0000000e+00
0.0000000e+00
0.0000000e+00
0.0000000e+00
0.0000000e+00
0.0000000e+00
0.0000000e+00
0.0000000e+00
0.0000000e+00
0.0000000e+00
0.0000000e+00
0.0000000e+00
0.0000000e+00
0.0000000e+00
0.0000000e+00
0.0000000e+00
0.0000000e+00
0.0000000e+00
0.0000000e+00
0.0000000e+00
0.0000000e+00
0.0000000e+00
0.0000000e+00
0.0000000e+00
0.0000000e+00
0.0000000e+00
0.0000000e+00
0.0000000e+00
0.0000000e+00
0.0000000e+00
0.0000000e+00
0.0000000e+00
0.0000000e+00
0.0000000e+00
0.0000000e+00
0.0000000e+00
0.0000000e+00
0.0000000e+00
0.0000000e+00
0.0000000e+00
0.0000000e+00
0.0000000e+00
0.0000000e+00
0.0000000e+00
0.0000000e+00
0.0000000e+00
0.0000000e+00
0.0000000e+00
0.0000000e+00
0.0000000e+00
0.0000000e+00
0.0000000e+00
0.0000000e+00
0.0000000e+00
0.0000000e+00
0.0000000e+00
0.0000000e+00
0.0000000e+00
0.0000000e+00
0.0000000e+00
0.0000000e+00
0.0000000e+00
0.0000000e+00
0.0000000e+00
0.0000000e+00
0.0000000e+00
0.0000000e+00
0.0000000e+00
0.0000000e+00
0.0000000e+00
0.0000000e+00
0.0000000e+00
0.0000000e+00
0.0000000e+00
0.0000000e+00
0.0000000e+00
0.0000000e+00
0.0000000e+00
0.0000000e+00
0.0000000e+00
0.0000000e+00
0.0000000e+00
0.0000000e+00
0.0000000e+00
0.0000000e+00
0.0000000e+00
0.0000000e+00
0.0000000e+00
0.0000000e+00
0.0000000e+00
0.0000000e+00
0.0000000e+00
0.0000000e+00
0.0000000e+00
0.0000000e+00
0.0000000e+00
0.0000000e+00
0.0000000e+00
0.0000000e+00
0.0000000e+00
0.0000000e+00
0.0000000e+00
0.0000000e+00
0.0000000e+00
0.0000000e+00
0.0000000e+00
0.0000000e+00
0.0000000e+00
0.0000000e+00
0.0000000e+00
0.0000000e+00
0.0000000e+00
0.0000000e+00
0.0000000e+00
0.0000000e+00
0.0000000e+00
0.0000000e+00
0.0000000e+00
0.0000000e+00
0.0000000e+00
0.0000000e+00
0.0000000e+00
0.0000000e+00
0.0000000e+00
0.0000000e+00
0.0000000e+00
0.0000000e+00
0.0000000e+00
0.0000000e+00
0.0000000e+00
0.0000000e+00
0.0000000e+00
0.0000000e+00
0.0000000e+00
0.0000000e+00
0.0000000e+00
0.0000000e+00
0.0000000e+00
0.0000000e+00
0.0000000e+00
0.0000000e+00
0.0000000e+00
0.0000000e+00
0.0000000e+00
0.0000000e+00
0.0000000e+00
0.0000000e+00
0.0000000e+00
0.0000000e+00
0.0000000e+00
0.0000000e+00
0.0000000e+00
0.0000000e+00
0.0000000e+00
0.0000000e+00
0.0000000e+00
0.0000000e+00
0.0000000e+00
0.0000000e+00
0.0000000e+00
0.0000000e+00
0.0000000e+00
0.0000000e+00
0.0000000e+00
0.0000000e+00
0.0000000e+00
0.0000000e+00
0.0000000e+00
0.0000000e+00
0.0000000e+00
0.0000000e+00
0.0000000e+00
0.0000000e+00
0.0000000e+00
0.0000000e+00
0.0000000e+00
0.0000000e+00
0.0000000e+00
0.0000000e+00
0.0000000e+00
0.0000000e+00
0.0000000e+00
0.0000000e+00
0.0000000e+00
0.0000000e+00
0.0000000e+00
0.0000000e+00
0.0000000e+00
0.0000000e+00
0.0000000e+00
0.0000000e+00
0.0000000e+00
0.0000000e+00
0.0000000e+00
0.0000000e+00
0.0000000e+00
0.0000000e+00
0.0000000e+00
0.0000000e+00
0.0000000e+00
0.0000000e+00
0.0000000e+00
0.0000000e+00
0.0000000e+00
0.0000000e+00
0.0000000e+00
0.0000000e+00
0.0000000e+00
0.0000000e+00
0.0000000e+00
0.0000000e+00
0.0000000e+00
0.0000000e+00
0.0000000e+00
0.0000000e+00
0.0000000e+00
0.0000000e+00
0.0000000e+00
0.0000000e+00
0.0000000e+00
0.0000000e+00
0.0000000e+00
0.0000000e+00
0.0000000e+00
0.0000000e+00
0.0000000e+00
0.0000000e+00
0.0000000e+00
0.0000000e+00
0.0000000e+00
0.0000000e+00
0.0000000e+00
0.0000000e+00
0.0000000e+00
0.0000000e+00
0.0000000e+00
0.0000000e+00
0.0000000e+00
0.0000000e+00
0.0000000e+00
0.0000000e+00
0.0000000e+00
0.0000000e+00
0.0000000e+00
0.0000000e+00
0.0000000e+00
0.0000000e+00
0.0000000e+00
0.0000000e+00
0.0000000e+00
1.1503259e-41
1.6725650e+07
-5.3978680e+04
-8.7441875e+04
4.2091477e+04
1.7673496e+04
-3.8415984e+04
5.4505352e+04
5.2386586e+04
-2.6950539e+04
-6.9994082e+03
4.0175258e+04
-9.0565352e+03
-5.0518406e+04
6.6698203e+04
1.8943064e+04
-5.7634750e+04
3.1387076e+04
1.2457523e+04
-7.5753031e+04
6.9685928e+03
1.1270921e+04
-6.3077547e+04
-4.7064656e+04
2.0129049e+04
-8.2521484e+02
-3.4029477e+04
4.7585656e+04
8.2363273e+04
-2.4075785e+04
2.3090992e+04
1.0502166e+05
-1.3927281e+04
-8.1806188e+04
1.9172307e+04
1.3718314e+04
-1.0945791e+05
-5.7905840e+04
6.9694047e+04
-1.8277312e+04
-8.9331859e+04
6.3573641e+04
8.5631500e+04
-2.0050801e+04
-9.3561266e+04
9.9298000e+04
1.8703449e+04
-1.7628872e+05
-2.8812760e+04
5.8801051e+04
-6.8935297e+04
-8.8286875e+04
5.0340605e+04
1.1494543e+05
-7.0860195e+03
-7.7333344e+04
1.3517884e+05
4.9818633e+04
-1.3450172e+05
1.6776193e+04
3.8434305e+04
-6.1051789e+04
-9.9090180e+04
-8.8627881e+02
6.2629723e+04
-3.6929867e+04
-1.4479283e+04
9.9431398e+04
2.7860754e+04
-6.8453562e+04
6.8506855e+03
9.5677754e+03
-8.2242047e+04
-9.7840227e+04
5.0566055e+03
-2.5181572e+04
-1.1816989e+05
-1.8250314e+04
8.0383828e+04
2.2875414e+04
1.7908477e+04
1.1891386e+05
1.2128260e+05
1.0965137e+03
-3.2626055e+04
2.8534783e+04
-2.6258992e+04
-7.1503953e+04
-7.4062352e+04
-1.6517543e+04
4.6679449e+04
-8.0751494e+03
-1.2237402e+03
1.9066643e+04
4.0744324e+04
-1.1372152e+04
-8.1263172e+04
-1.1331096e+04
3.1531998e+04
-1.4050438e+04
-1.2213074e+04
6.5294699e+04
7.6471852e+04
7.5237828e+04
4.0206836e+03
-1.3374033e+04
6.3600129e+04
-6.4328703e+04
-6.8127453e+04
3.0216064e+03
1.9699209e+04
1.2742532e+04
-4.9263375e+04
-6.2793438e+03
-7.5028418e+03
-4.6874211e+04
-9.4470137e+03
9.2319990e+03
-3.4056445e+02
-1.5420584e+04
-1.0678555e+04
1.2874552e+04
7.9777002e+03
-1.5542583e+04
-3.4220000e+04
-1.9259273e+04
3.1962277e+04
-5.9807324e+03
-3.8277918e+04
0.0000000e+00
1.6568320e+07
1.6783360e+07
1.6680960e+07
1.6705536e+07
1.6842752e+07
1.6795648e+07
1.6777216e+07
1.6711680e+07
1.6736256e+07
1.6707584e+07
1.6781312e+07
1.6814080e+07
1.6820224e+07
1.6687104e+07
1.6855040e+07
1.6519168e+07
1.6951296e+07
1.6619520e+07
1.6805888e+07
1.6859136e+07
1.6619520e+07
1.6603137e+07
1.6848896e+07
1.6781312e+07
1.6736256e+07
1.6717824e+07
1.6668672e+07
1.6826368e+07
1.6601088e+07
1.6936960e+07
1.6777216e+07
1.6771072e+07
1.6689152e+07
1.6691200e+07
1.6748544e+07
1.6756736e+07
1.6670719e+07
1.6904192e+07
1.6644096e+07
1.6740352e+07
1.6818176e+07
1.6594944e+07
1.6926720e+07
1.6527360e+07
1.6885760e+07
1.6531456e+07
1.6801792e+07
1.6580608e+07
1.6930816e+07
1.6728064e+07
1.6660480e+07
1.6760832e+07
1.6713728e+07
1.6941056e+07
1.1911168e+07
1.2109825e+07
1.6771072e+07
1.6957440e+07
1.6926720e+07
1.6844800e+07
1.6992256e+07
1.6822272e+07
1.6766977e+07
1.6791552e+07
1.6807936e+07
1.6797696e+07
1.6789504e+07
1.6869376e+07
1.6924672e+07
1.6988160e+07
1.7068032e+07
1.7197056e+07
1.7127424e+07
1.7051648e+07
1.6871424e+07
1.6865280e+07
1.6705536e+07
1.6590848e+07
1.6685056e+07
1.7162240e+07
1.7377280e+07
1.7242112e+07
1.6699392e+07
1.6197632e+07
1.6625664e+07
1.7524736e+07
1.7346560e+07
1.6443392e+07
1.6203776e+07
1.7297408e+07
1.7500160e+07
1.6449536e+07
1.6310272e+07
1.7528832e+07
1.7119232e+07
1.6156672e+07
1.7065984e+07
1.7453056e+07
1.6201728e+07
1.6947200e+07
1.7602560e+07
1.6060416e+07
1.7197056e+07
1.7491968e+07
1.5845376e+07
1.7778688e+07
1.6627712e+07
1.6549888e+07
1.7813504e+07
1.5802368e+07
1.7963008e+07
1.5921152e+07
1.7553408e+07
1.6373760e+07
1.7197056e+07
1.6648192e+07
1.7010688e+07
1.6734207e+07
1.7053696e+07
