0
0.0376901826699345
0.112856384873482
0.187381314585725
0.297041581577035
0.402906435713663
0.535826794978997
0.656585755752956
0.786288432136619
0.888136448813544
0.968583161128631
0.9996841892833
0.971631732914674
0.876306680043864
0.693653305812805
0.448383216090033
 0.125333233564305
-0.212007109922055
-0.556875616488188
-0.823532597628427
-0.982287250728689
-0.974526872786577
-0.778462301567023
-0.425779291565072
0.0502443181797697
0.514439533781506
0.876306680043864
0.9996841892833
0.830595899195813
0.402906435713662
-0.187381314585725
-0.711535677209285
-0.990461425696651
-0.876306680043864
-0.379779095521802
0.285019262469975
0.844327925502015
0.988651744737914
0.617859613090336
-0.0878511965507407
-0.770513242775788
-0.9949510169813
-0.597904983057522
0.187381314585719
0.870183754669523
0.938733857653876
0.309016994374953
-0.556875616488183
-0.999289472640589
-0.617859613090342
0.309016994374938
0.962027671586083
0.737513117358181
-0.187381314585716
-0.947098304994741
-0.745941145424191
0.248689887164842
0.974526872786574
 0.617859613090345
-0.448383216090021
-0.998026728428272
-0.332819544523002
0.76244251101144
0.876306680043868
-0.175023058975267
-0.988651744737913
-0.425779291565082
0.745941145424174
0.830595899195817
-0.332819544522982
-0.992114701314478
-0.0878511965507467
0.965381638833273
0.425779291565079
-0.83752804004214
-0.656585755752957
0.684547105928689
 0.793990398647834
-0.556875616488188
-0.863923417192836
0.481753674101717
0.888136448813542
-0.470703932165338
-0.87630668004386
0.525174629961306
0.823532597628417
-0.637423989748701
-0.711535677209278
0.786288432136626
0.514439533781495
-0.929776485888258
-0.212007109922031
0.999921044203816
-0.187381314585741
-0.910105970684988
0.617859613090349
0.587785252292453
-0.938733857653885
-0.0376901826699075
0.962027671586079
-0.587785252292493
-0.556875616488167
0.979855052384253
-0.187381314585761
-0.816339250717164
0.863923417192851
0.0627905195292818
-0.920231847365858
0.786288432136643
0.162637165194839
-0.929776485888236
0.793990398647858
0.0753268055278938
-0.876306680043844
0.899405251566391
-0.162637165194921
-0.684547105928653
0.994951016981306
-0.556875616488239
-0.285019262469916
0.904827052465996
-0.920231847365888
0.356411878713304
0.425779291565011
-0.934328942456587
0.920231847365898
-0.425779291565129
-0.285019262469924
0.830595899195776
-0.994951016981308
0.728968627421465
-0.162637165194962
-0.437115766650869
0.876306680043833
-0.997158900260619
0.793990398647887
-0.368124552684759
-0.162637165194796
 0.617859613090271
-0.920231847365842
 0.998026728428277
-0.863923417192883
0.577572703422346
-0.187381314585821
-0.199709980514319
 0.55687561648812
-0.809016994374893
0.962027671586057
-0.999289472640593
0.938733857653911
 -0.809016994375006
 0.617859613090407
-0.414375580993378
  0.187381314585837
 0.0125660398832364
 -0.212007109921939
 0.368124552684576
  -0.514439533781419
 0.617859613090245
 -0.711535677209198
 0.770513242775708
  -0.823532597628355
  0.850994481794628
 -0.876306680043809
0.882291226434908
  -0.888136448813508
 0.876306680043825
-0.863923417192794
 0.830595899195755
 -0.79399039864776
0.728968627421338
 -0.656585755752888
0.546394346734192
-0.425779291564987
 0.260841506289786
-0.0878511965506076
 -0.125333233564422
 0.332819544523083
  -0.556875616488274
 0.745941145424253
-0.904827052466074
 0.988651744737936
 -0.984564334529182
  0.876306680043809
-0.647055961569356
 0.332819544522875
0.0627905195294525
 -0.448383216090176
0.786288432136708
 -0.974526872786606
  0.968583161128599
 -0.745941145424095
0.320943609807065
 0.187381314585895
 -0.67533280812114
 0.962027671586124
-0.95105651629511
  0.617859613090221
 -0.0376901826697694
-0.556875616488343
  0.951056516295206
 -0.938733857653821
 0.492727341548156
  0.187381314585879
  -0.801566984870983
 0.99495101698128
-0.637423989748548
 -0.0878511965509093
0.786288432136723
  -0.988651744737888
 0.535826794978834
  0.285019262470181
 -0.925077206834533
  0.876306680043776
  -0.137790290684457
  -0.711535677209416
  0.98228725072865
  -0.402906435713454
-0.556875616488364
 0.999684189283295
 -0.481753674101542
-0.514439533781678
  0.998736956606006
 -0.425779291564853
  -0.627691361290877
 0.97452687278653
 -0.187381314585516
 -0.82353259762855
 0.830595899195681
 0.212007109922307
 -0.992114701314508
  0.448383216089831
 0.720309024888065
 -0.876306680043752
 -0.236498997023915
 0.999684189283304
 -0.24868988716466
 -0.888136448813656
  0.617859613090142
 0.656585755753143
-0.844327925501902
-0.402906435713824
 0.954864544746579
0.187381314585978
-0.993611310519979
-0.0376901826701974
 1
 -0.0376901826697419
 -0.999289472640598
 0.0376901826696607
 1
 0.037690182670214
 -0.993611310519981
 -0.18738131458593
 0.954864544746569
 0.402906435713929
 -0.844327925501858
 -0.65658575575318
 0.617859613090129
 0.888136448813649
 -0.248689887164596
 -0.999684189283308
 -0.236498997024027
 0.876306680043712
 0.720309024888101
 -0.448383216089814
 -0.992114701314514
 -0.212007109922373
 0.830595899195629
 0.823532597628616
 -0.187381314585433
 -0.974526872786518
 -0.627691361290937
 0.425779291564761
 0.998736956606
 0.514439533781807
 -0.481753674101439
 -0.999684189283293
 -0.556875616488455
 0.402906435713331
 0.98228725072862
 0.711535677209545
 -0.137790290684307
 -0.876306680043719
 -0.925077206834587
 -0.285019262470342
 0.535826794978672
 0.988651744737856
 0.786288432136837
 0.0878511965510606
 -0.637423989748412
 -0.99495101698126
 -0.801566984871118
 -0.187381314586125
 0.492727341547967
 0.938733857653758
 0.951056516295271
 0.556875616488537
 -0.0376901826695108
 -0.617859613089998
