8.0900000e+03
8.0970000e+03
8.1950000e+03
8.1510000e+03
8.1450000e+03
8.2470000e+03
8.1570000e+03
8.0750000e+03
8.2240000e+03
8.1780000e+03
8.2010000e+03
8.1810000e+03
8.1920000e+03
8.0430000e+03
8.1600000e+03
8.2540000e+03
8.1720000e+03
8.1890000e+03
8.1580000e+03
8.2310000e+03
8.1940000e+03
8.0710000e+03
8.2100000e+03
8.1680000e+03
8.2130000e+03
8.1810000e+03
8.1480000e+03
8.1310000e+03
8.2300000e+03
8.2680000e+03
8.0660000e+03
8.1890000e+03
8.2770000e+03
8.1220000e+03
8.1150000e+03
8.1840000e+03
8.2060000e+03
8.1720000e+03
8.2320000e+03
8.1480000e+03
8.1150000e+03
8.3300000e+03
8.1070000e+03
8.1260000e+03
8.2270000e+03
8.2750000e+03
8.1940000e+03
8.1180000e+03
8.1720000e+03
8.2280000e+03
8.1630000e+03
8.1440000e+03
8.1390000e+03
8.1900000e+03
8.2160000e+03
8.2200000e+03
8.1060000e+03
8.2070000e+03
8.2700000e+03
8.1890000e+03
8.1920000e+03
8.1530000e+03
8.1890000e+03
8.2170000e+03
8.1490000e+03
8.1860000e+03
8.1500000e+03
8.2670000e+03
8.1780000e+03
8.0730000e+03
8.1820000e+03
8.2650000e+03
8.1400000e+03
8.0920000e+03
8.2540000e+03
8.2220000e+03
8.1270000e+03
8.2190000e+03
8.1740000e+03
8.2200000e+03
8.2120000e+03
8.1420000e+03
8.1030000e+03
8.1620000e+03
8.2650000e+03
8.1860000e+03
8.0700000e+03
8.1630000e+03
8.2450000e+03
8.1540000e+03
8.0720000e+03
8.1990000e+03
8.2040000e+03
8.1940000e+03
8.0960000e+03
8.1320000e+03
8.2670000e+03
8.1600000e+03
8.1680000e+03
8.1200000e+03
8.1350000e+03
8.2180000e+03
8.1840000e+03
8.1260000e+03
8.1610000e+03
8.2900000e+03
8.2720000e+03
6.1700000e+03
5.8160000e+03
6.8910000e+03
5.9130000e+03
8.6620000e+03
8.1890000e+03
8.2170000e+03
8.2800000e+03
8.2410000e+03
8.2650000e+03
8.2630000e+03
8.2250000e+03
8.2560000e+03
8.2970000e+03
8.2480000e+03
8.2140000e+03
8.2190000e+03
8.1870000e+03
8.1970000e+03
8.1990000e+03
8.2040000e+03
8.2070000e+03
8.2100000e+03
8.2020000e+03
8.1950000e+03
8.1980000e+03
8.1930000e+03
8.2370000e+03
8.2150000e+03
8.2640000e+03
8.2690000e+03
8.2950000e+03
8.3000000e+03
8.3340000e+03
8.3660000e+03
8.3970000e+03
8.3810000e+03
8.3630000e+03
8.3550000e+03
8.3260000e+03
8.2850000e+03
8.2380000e+03
8.2040000e+03
8.2350000e+03
8.2010000e+03
8.1570000e+03
8.1170000e+03
8.1010000e+03
8.0830000e+03
8.1470000e+03
8.2440000e+03
8.3800000e+03
8.4540000e+03
8.4850000e+03
8.4510000e+03
8.4190000e+03
8.3000000e+03
8.1540000e+03
8.0300000e+03
7.9090000e+03
7.9550000e+03
8.1180000e+03
8.4190000e+03
8.5570000e+03
8.5770000e+03
8.4700000e+03
8.2630000e+03
8.0290000e+03
7.9000000e+03
7.9120000e+03
8.1460000e+03
8.4460000e+03
8.6270000e+03
8.5450000e+03
8.3300000e+03
8.0320000e+03
7.8510000e+03
7.9640000e+03
8.2530000e+03
8.5590000e+03
8.5950000e+03
8.3590000e+03
8.0320000e+03
7.8890000e+03
8.0150000e+03
8.3330000e+03
8.5890000e+03
8.5220000e+03
8.1660000e+03
7.9110000e+03
7.9170000e+03
8.2750000e+03
8.6030000e+03
8.5950000e+03
8.2120000e+03
7.8420000e+03
7.9070000e+03
8.3970000e+03
8.7090000e+03
8.5410000e+03
7.9840000e+03
7.7370000e+03
8.1370000e+03
8.6810000e+03
8.6950000e+03
8.1190000e+03
7.6950000e+03
8.0810000e+03
8.6870000e+03
8.6980000e+03
8.0170000e+03
7.7160000e+03
8.2440000e+03
8.7710000e+03
8.4750000e+03
7.7740000e+03
7.9350000e+03
8.5710000e+03
8.6840000e+03
7.9950000e+03
7.7880000e+03
8.3970000e+03
8.7230000e+03
8.1290000e+03
7.7820000e+03
8.3060000e+03
8.6930000e+03
8.1710000e+03
7.7870000e+03
8.3270000e+03
8.6610000e+03
8.1450000e+03
7.8620000e+03
8.3570000e+03
8.5580000e+03
8.0350000e+03
7.9650000e+03
8.4860000e+03
8.4180000e+03
7.9620000e+03
8.1520000e+03
8.5500000e+03
8.2400000e+03
7.9580000e+03
8.3650000e+03
8.4700000e+03
8.0210000e+03
8.1290000e+03
8.5240000e+03
8.1700000e+03
8.0140000e+03
8.4350000e+03
8.3490000e+03
7.9320000e+03
8.3010000e+03
8.4900000e+03
7.9900000e+03
8.2060000e+03
8.4920000e+03
8.0250000e+03
8.1710000e+03
8.4740000e+03
8.0610000e+03
8.1710000e+03
8.4520000e+03
8.0390000e+03
8.2050000e+03
8.4230000e+03
8.0220000e+03
8.2570000e+03
8.3730000e+03
7.9760000e+03
8.3550000e+03
8.3050000e+03
8.0300000e+03
8.4120000e+03
8.1780000e+03
8.1200000e+03
8.4260000e+03
8.0910000e+03
8.2310000e+03
8.3340000e+03
8.0350000e+03
8.3730000e+03
8.1950000e+03
8.1200000e+03
8.3670000e+03
8.0920000e+03
8.2990000e+03
8.2410000e+03
8.1280000e+03
8.3650000e+03
8.1340000e+03
8.2910000e+03
8.2580000e+03
8.1630000e+03
8.3410000e+03
8.1200000e+03
8.2820000e+03
8.2110000e+03
8.1870000e+03
8.3070000e+03
8.1430000e+03
8.2730000e+03
8.1950000e+03
8.2130000e+03
8.2350000e+03
8.1750000e+03
8.3340000e+03
8.1320000e+03
8.3050000e+03
8.1660000e+03
8.2560000e+03
8.3030000e+03
8.1260000e+03
8.2370000e+03
8.2520000e+03
8.2260000e+03
8.2380000e+03
8.2200000e+03
8.2380000e+03
8.2480000e+03
8.2260000e+03
8.2210000e+03
8.2290000e+03
8.2050000e+03
8.2390000e+03
8.2160000e+03
8.2450000e+03
8.2140000e+03
8.2280000e+03
8.2050000e+03
8.2170000e+03
8.2230000e+03
8.2250000e+03
8.2070000e+03
8.2390000e+03
8.2340000e+03
8.2060000e+03
8.2100000e+03
8.2180000e+03
8.2300000e+03
8.2310000e+03
8.2300000e+03
8.2300000e+03
8.2240000e+03
8.2270000e+03
8.2100000e+03
8.2200000e+03
8.2190000e+03
8.2160000e+03
8.1980000e+03
8.2240000e+03
8.2190000e+03
8.2080000e+03
8.2290000e+03
8.2280000e+03
8.2350000e+03
8.2060000e+03
8.2120000e+03
7.9940000e+03
8.0940000e+03
8.8670000e+03
1.4696000e+04
9.7200000e+03
7.8450000e+03
9.3300000e+03
9.3560000e+03
8.4740000e+03
8.9700000e+03
7.2800000e+03
1.0055000e+04
1.0690000e+03
1.3824000e+04
9.5280000e+03
8.4650000e+03
7.9270000e+03
8.8290000e+03
9.1000000e+03
9.2010000e+03
9.1430000e+03
9.6610000e+03
1.0026000e+04
9.9340000e+03
9.7540000e+03
9.7310000e+03
7.9910000e+03
8.7930000e+03
7.1270000e+03
4.8280000e+03
5.6270000e+03
7.6910000e+03
7.2250000e+03
7.9570000e+03
8.0430000e+03
8.1500000e+03
8.5840000e+03
8.4490000e+03
8.3780000e+03
8.0010000e+03
8.3720000e+03
8.3520000e+03
8.2330000e+03
8.5270000e+03
8.6300000e+03
8.5200000e+03
8.4670000e+03
8.7960000e+03
7.4320000e+03
8.0980000e+03
8.1110000e+03
7.7010000e+03
7.9220000e+03
7.9310000e+03
8.0180000e+03
8.1850000e+03
8.0700000e+03
8.0210000e+03
8.0190000e+03
8.0860000e+03
7.8420000e+03
8.0770000e+03
8.2370000e+03
8.1660000e+03
8.3310000e+03
8.1320000e+03
8.0300000e+03
8.0600000e+03
8.1760000e+03
8.2740000e+03
8.1880000e+03
8.1980000e+03
8.1730000e+03
7.9610000e+03
8.0360000e+03
8.1420000e+03
8.0370000e+03
8.1370000e+03
8.0680000e+03
7.9870000e+03
8.1850000e+03
8.1870000e+03
8.1090000e+03
8.3350000e+03
8.1870000e+03
8.0450000e+03
7.9880000e+03
8.1390000e+03
8.1600000e+03
8.0630000e+03
7.8840000e+03
7.7620000e+03
8.0750000e+03
7.9780000e+03
8.0780000e+03
8.2410000e+03
8.1080000e+03
8.0150000e+03
8.2220000e+03
8.3580000e+03
8.3070000e+03
8.0730000e+03
8.0610000e+03
8.1300000e+03
8.1650000e+03
8.3530000e+03
8.2150000e+03
7.9260000e+03
8.0920000e+03
8.2740000e+03
8.0090000e+03
8.0890000e+03
8.2900000e+03
8.0490000e+03
7.9830000e+03
8.1970000e+03
8.2120000e+03
8.0450000e+03
7.7090000e+03
7.8360000e+03
8.2320000e+03
8.0850000e+03
7.8440000e+03
8.0150000e+03
8.2140000e+03
8.0390000e+03
7.9150000e+03
8.1140000e+03
8.4500000e+03
8.2290000e+03
7.8990000e+03
8.1980000e+03
8.2310000e+03
8.1350000e+03
8.0650000e+03
7.8100000e+03
7.8810000e+03
8.1080000e+03
8.1770000e+03
7.8890000e+03
7.9820000e+03
8.3440000e+03
7.9250000e+03
8.0330000e+03
8.1950000e+03
7.9820000e+03
8.0460000e+03
8.2420000e+03
8.2060000e+03
8.0360000e+03
8.1390000e+03
8.1670000e+03
8.0830000e+03
8.1690000e+03
8.1190000e+03
7.9190000e+03
7.8740000e+03
8.0660000e+03
7.8000000e+03
7.9160000e+03
7.9930000e+03
8.0480000e+03
7.9560000e+03
7.8270000e+03
8.2450000e+03
8.4050000e+03
8.3140000e+03
8.5700000e+03
8.5890000e+03
8.6310000e+03
8.7630000e+03
8.6850000e+03
8.6890000e+03
8.7290000e+03
8.3390000e+03
8.3000000e+03
8.4200000e+03
7.8900000e+03
8.2050000e+03
8.5010000e+03
7.9430000e+03
8.1670000e+03
7.8410000e+03
8.0650000e+03
8.0600000e+03
7.4080000e+03
7.8480000e+03
7.9700000e+03
7.9810000e+03
8.1910000e+03
7.8310000e+03
8.2540000e+03
8.3990000e+03
8.2310000e+03
8.6220000e+03
8.7500000e+03
8.8590000e+03
8.8630000e+03
8.9990000e+03
9.0890000e+03
8.6910000e+03
8.0070000e+03
7.5060000e+03
7.4150000e+03
7.2420000e+03
7.3370000e+03
7.7710000e+03
7.9350000e+03
8.2350000e+03
8.3600000e+03
8.0610000e+03
7.9830000e+03
8.0250000e+03
7.8010000e+03
8.2460000e+03
8.4610000e+03
8.5210000e+03
8.6680000e+03
8.8280000e+03
9.1260000e+03
8.7430000e+03
8.0360000e+03
7.5960000e+03
7.1100000e+03
6.9930000e+03
7.1740000e+03
7.9790000e+03
8.6200000e+03
8.3970000e+03
8.0160000e+03
8.1430000e+03
8.2060000e+03
8.0880000e+03
7.9810000e+03
8.2440000e+03
7.6300000e+03
6.9100000e+03
7.6980000e+03
8.8130000e+03
9.4090000e+03
9.2180000e+03
8.4010000e+03
7.2450000e+03
6.9910000e+03
7.3250000e+03
7.8690000e+03
8.2590000e+03
8.4480000e+03
8.6660000e+03
8.6100000e+03
7.9200000e+03
7.4290000e+03
7.3650000e+03
7.4440000e+03
7.6430000e+03
8.3750000e+03
8.7100000e+03
7.9310000e+03
7.0180000e+03
7.0920000e+03
8.5730000e+03
9.5140000e+03
8.6700000e+03
7.3290000e+03
6.9820000e+03
8.2830000e+03
9.6520000e+03
9.7130000e+03
8.3590000e+03
7.3860000e+03
7.5540000e+03
7.5670000e+03
8.0650000e+03
8.6760000e+03
8.0840000e+03
6.8250000e+03
6.6990000e+03
7.8910000e+03
8.5380000e+03
7.7810000e+03
7.0820000e+03
7.7100000e+03
8.4620000e+03
8.1760000e+03
7.3480000e+03
7.7650000e+03
9.0690000e+03
9.5010000e+03
8.2380000e+03
7.7940000e+03
8.6880000e+03
8.7090000e+03
8.6690000e+03
7.9960000e+03
7.2030000e+03
7.5200000e+03
8.6400000e+03
7.7310000e+03
5.9420000e+03
6.9100000e+03
8.2540000e+03
7.5430000e+03
6.4850000e+03
7.8800000e+03
9.1370000e+03
8.1900000e+03
8.3300000e+03
9.4500000e+03
8.7780000e+03
7.5890000e+03
8.1530000e+03
8.2210000e+03
7.3050000e+03
7.1900000e+03
8.2160000e+03
8.8190000e+03
7.5700000e+03
7.1920000e+03
8.6110000e+03
8.1050000e+03
6.5200000e+03
8.5850000e+03
9.7260000e+03
7.1730000e+03
7.9170000e+03
9.5020000e+03
8.2150000e+03
8.8110000e+03
9.6290000e+03
8.7130000e+03
7.8670000e+03
7.7900000e+03
7.9300000e+03
8.0090000e+03
8.7480000e+03
9.4260000e+03
9.1700000e+03
1.0588000e+04
1.0390000e+04
9.0970000e+03
1.0357000e+04
9.3350000e+03
8.0980000e+03
1.0137000e+04
9.1450000e+03
9.1670000e+03
1.2317000e+04
1.0961000e+04
1.1112000e+04
1.2413000e+04
1.1355000e+04
1.1219000e+04
1.1469000e+04
1.0175000e+04
1.1042000e+04
1.2330000e+04
1.1657000e+04
1.1526000e+04
1.0503000e+04
1.0750000e+04
1.2446000e+04
1.1455000e+04
1.1763000e+04
1.1288000e+04
1.0256000e+04
8.7750000e+03
4.0820000e+03
1.9660000e+03
4.3000000e+02
1.8700000e+02
3.1900000e+02
0.0000000e+00
4.6300000e+02
3.2870000e+03
5.7120000e+03
9.9160000e+03
1.2563000e+04
1.5639000e+04
1.4758000e+04
1.4010000e+04
1.4902000e+04
1.4737000e+04
1.3492000e+04
1.0766000e+04
8.8440000e+03
6.6160000e+03
5.3160000e+03
3.7680000e+03
2.0180000e+03
1.3930000e+03
4.9540000e+03
8.7290000e+03
1.0530000e+04
8.5330000e+03
7.1130000e+03
7.4320000e+03
6.3180000e+03
5.4770000e+03
5.7420000e+03
7.5300000e+03
9.2270000e+03
9.5550000e+03
7.6690000e+03
8.1690000e+03
1.2145000e+04
1.3225000e+04
1.0653000e+04
6.3940000e+03
2.3900000e+03
1.7420000e+03
2.9930000e+03
6.7780000e+03
1.3140000e+04
1.3486000e+04
8.3440000e+03
6.9580000e+03
6.4320000e+03
4.2880000e+03
7.8140000e+03
1.1561000e+04
1.0615000e+04
9.0460000e+03
6.3660000e+03
2.5860000e+03
4.2080000e+03
9.4300000e+03
1.3115000e+04
1.2002000e+04
6.6990000e+03
3.3800000e+03
6.2270000e+03
9.1300000e+03
8.2830000e+03
4.7810000e+03
7.8150000e+03
1.2549000e+04
1.0883000e+04
5.1010000e+03
2.1580000e+03
6.6470000e+03
1.2500000e+04
1.0859000e+04
4.9400000e+03
6.1340000e+03
9.8340000e+03
9.5150000e+03
4.8210000e+03
6.7780000e+03
1.2266000e+04
7.8750000e+03
5.8730000e+03
7.5500000e+03
8.6960000e+03
9.1180000e+03
6.5740000e+03
9.3340000e+03
9.1650000e+03
4.6610000e+03
8.2800000e+03
9.9660000e+03
7.2480000e+03
7.1530000e+03
1.0832000e+04
7.0250000e+03
3.3570000e+03
1.0635000e+04
1.4185000e+04
2.0250000e+03
4.7200000e+02
1.5110000e+04
1.2760000e+04
0.0000000e+00
4.4090000e+03
1.5967000e+04
7.9450000e+03
6.3200000e+02
8.1530000e+03
1.3044000e+04
6.3690000e+03
4.2640000e+03
9.0200000e+03
1.1246000e+04
7.1920000e+03
3.9320000e+03
1.1487000e+04
1.0742000e+04
3.9170000e+03
7.1650000e+03
1.2163000e+04
6.9230000e+03
6.2690000e+03
8.8760000e+03
9.3720000e+03
8.0040000e+03
5.2100000e+03
1.1003000e+04
9.7270000e+03
2.7400000e+03
1.0166000e+04
1.0869000e+04
1.7310000e+03
1.0103000e+04
1.0655000e+04
3.7210000e+03
1.0094000e+04
8.9780000e+03
4.9870000e+03
9.4330000e+03
7.9550000e+03
6.3820000e+03
8.9170000e+03
8.8370000e+03
6.2770000e+03
8.7810000e+03
9.3570000e+03
5.5180000e+03
9.3110000e+03
8.5650000e+03
6.7710000e+03
9.1330000e+03
7.9240000e+03
7.8930000e+03
7.4490000e+03
9.6680000e+03
6.9240000e+03
8.3860000e+03
9.4460000e+03
5.5160000e+03
9.5040000e+03
7.1970000e+03
8.1720000e+03
8.6000000e+03
8.1130000e+03
6.1970000e+03
9.5030000e+03
7.1460000e+03
7.3050000e+03
1.0099000e+04
4.2650000e+03
1.0854000e+04
5.0890000e+03
7.0510000e+03
1.0248000e+04
3.7490000e+03
1.2238000e+04
4.8110000e+03
9.0350000e+03
7.5690000e+03
5.9230000e+03
1.1792000e+04
4.5730000e+03
1.0996000e+04
6.2170000e+03
7.7610000e+03
8.9520000e+03
5.2690000e+03
1.0323000e+04
5.3990000e+03
9.2270000e+03
6.4710000e+03
9.7510000e+03
7.6450000e+03
7.5020000e+03
7.3890000e+03
8.0030000e+03
7.0170000e+03
7.8810000e+03
6.7180000e+03
6.7370000e+03
8.0580000e+03
6.7710000e+03
7.7770000e+03
6.9540000e+03
7.1560000e+03
6.8290000e+03
6.9080000e+03
6.7150000e+03
7.3380000e+03
7.5630000e+03
7.8570000e+03
8.2010000e+03
8.4110000e+03
8.2450000e+03
8.3560000e+03
8.5790000e+03
8.6910000e+03
8.4820000e+03
8.0250000e+03
7.9860000e+03
7.9540000e+03
7.2550000e+03
7.1430000e+03
7.5670000e+03
7.6780000e+03
7.4410000e+03
7.3890000e+03
7.7350000e+03
7.1020000e+03
6.9960000e+03
7.2940000e+03
7.1480000e+03
6.9450000e+03
7.2590000e+03
7.9640000e+03
8.5220000e+03
9.0580000e+03
9.5570000e+03
9.5070000e+03
9.1420000e+03
8.9710000e+03
8.0830000e+03
6.9670000e+03
6.7290000e+03
6.6820000e+03
7.0380000e+03
8.1700000e+03
8.1230000e+03
8.1420000e+03
8.7730000e+03
8.9060000e+03
8.8890000e+03
8.8790000e+03
7.8900000e+03
7.1450000e+03
7.1570000e+03
7.4370000e+03
8.1800000e+03
9.0450000e+03
9.6780000e+03
9.2450000e+03
8.3390000e+03
7.6410000e+03
7.1690000e+03
7.6460000e+03
8.3890000e+03
9.2830000e+03
9.3900000e+03
8.6160000e+03
8.5230000e+03
8.0200000e+03
7.9970000e+03
8.2750000e+03
8.5070000e+03
9.5170000e+03
9.5330000e+03
9.0680000e+03
7.8780000e+03
6.9970000e+03
7.6070000e+03
8.9920000e+03
9.7380000e+03
8.8610000e+03
7.1710000e+03
6.6880000e+03
7.4620000e+03
8.8040000e+03
8.6660000e+03
7.3710000e+03
6.4560000e+03
6.7220000e+03
8.2910000e+03
8.8270000e+03
8.5520000e+03
7.1880000e+03
7.0730000e+03
8.5610000e+03
9.7670000e+03
9.8010000e+03
7.7360000e+03
6.9820000e+03
7.9780000e+03
8.9650000e+03
8.1970000e+03
5.4500000e+03
5.8680000e+03
7.7940000e+03
8.0670000e+03
6.8420000e+03
6.8740000e+03
8.8690000e+03
9.5750000e+03
8.2740000e+03
6.7660000e+03
7.1880000e+03
7.7790000e+03
7.2100000e+03
6.1860000e+03
6.8430000e+03
8.5570000e+03
9.3860000e+03
8.5420000e+03
7.9710000e+03
8.7320000e+03
9.0570000e+03
7.9890000e+03
7.9720000e+03
9.8270000e+03
9.7990000e+03
9.1710000e+03
8.8760000e+03
7.7910000e+03
6.3380000e+03
6.0250000e+03
6.7670000e+03
6.4780000e+03
7.0540000e+03
7.5470000e+03
7.0480000e+03
7.0630000e+03
7.2010000e+03
8.2020000e+03
8.4190000e+03
6.2190000e+03
5.2890000e+03
5.0250000e+03
4.7660000e+03
6.6790000e+03
9.5310000e+03
9.7220000e+03
9.0870000e+03
9.8090000e+03
8.7050000e+03
7.7060000e+03
7.6240000e+03
6.9030000e+03
6.4210000e+03
7.4220000e+03
8.2350000e+03
6.6140000e+03
6.3180000e+03
6.5640000e+03
7.4430000e+03
1.2411000e+04
1.3885000e+04
1.2479000e+04
1.3222000e+04
1.1556000e+04
1.0498000e+04
1.0875000e+04
7.2660000e+03
6.4760000e+03
6.5740000e+03
2.9050000e+03
2.8280000e+03
3.8350000e+03
6.1210000e+03
1.0968000e+04
1.0334000e+04
9.8350000e+03
1.0514000e+04
7.9300000e+03
8.1820000e+03
6.3010000e+03
6.0360000e+03
7.1700000e+03
4.9050000e+03
8.3390000e+03
9.9780000e+03
1.0955000e+04
1.0764000e+04
8.1740000e+03
9.8470000e+03
8.0610000e+03
7.5940000e+03
6.5540000e+03
6.2280000e+03
9.5270000e+03
9.9060000e+03
1.1775000e+04
8.7000000e+03
8.3760000e+03
9.4020000e+03
8.5770000e+03
7.6660000e+03
7.8140000e+03
1.0098000e+04
7.1150000e+03
4.5380000e+03
7.1320000e+03
1.1553000e+04
1.1057000e+04
7.7890000e+03
6.2760000e+03
7.9010000e+03
8.2710000e+03
6.4730000e+03
7.4390000e+03
1.2024000e+04
1.0494000e+04
4.7980000e+03
4.3000000e+03
7.1010000e+03
9.4100000e+03
1.1293000e+04
8.3970000e+03
3.3320000e+03
5.2200000e+03
1.2283000e+04
1.4711000e+04
8.2850000e+03
3.2360000e+03
7.6730000e+03
1.1090000e+04
8.1350000e+03
6.2490000e+03
7.6360000e+03
8.8830000e+03
1.0230000e+04
8.7740000e+03
7.0590000e+03
8.6130000e+03
8.4660000e+03
8.5070000e+03
8.5650000e+03
1.0510000e+04
1.0025000e+04
5.4480000e+03
8.6090000e+03
1.2250000e+04
7.9450000e+03
3.1690000e+03
8.3030000e+03
1.3145000e+04
7.7800000e+03
2.9100000e+03
1.0197000e+04
1.4087000e+04
5.4790000e+03
3.0500000e+03
1.3199000e+04
1.0189000e+04
3.9300000e+03
9.3980000e+03
8.5530000e+03
6.8520000e+03
8.9370000e+03
1.0504000e+04
9.8010000e+03
6.1360000e+03
8.1350000e+03
1.0256000e+04
5.7510000e+03
1.0039000e+04
9.9690000e+03
4.7000000e+03
9.8450000e+03
9.8090000e+03
6.2470000e+03
8.9230000e+03
8.4180000e+03
7.9660000e+03
9.2950000e+03
7.3150000e+03
7.4360000e+03
1.0846000e+04
8.4190000e+03
5.7200000e+03
9.8610000e+03
8.7710000e+03
6.1070000e+03
9.6600000e+03
8.2870000e+03
7.9540000e+03
9.0980000e+03
7.7540000e+03
8.6950000e+03
1.0279000e+04
6.7100000e+03
6.4290000e+03
1.0575000e+04
8.6170000e+03
8.0980000e+03
8.4870000e+03
8.1030000e+03
9.4200000e+03
7.6660000e+03
9.0800000e+03
9.1610000e+03
6.1280000e+03
9.8750000e+03
9.6680000e+03
6.9080000e+03
8.8440000e+03
7.6560000e+03
1.0186000e+04
8.0170000e+03
7.2930000e+03
1.0199000e+04
6.3900000e+03
1.1077000e+04
8.5270000e+03
5.2810000e+03
1.0714000e+04
8.4710000e+03
8.6260000e+03
6.6270000e+03
8.3940000e+03
1.0547000e+04
6.3470000e+03
9.6410000e+03
6.9830000e+03
9.5460000e+03
8.9600000e+03
6.9150000e+03
1.0413000e+04
7.1940000e+03
8.9580000e+03
7.4730000e+03
9.6450000e+03
7.2050000e+03
8.8070000e+03
9.3560000e+03
6.8810000e+03
9.5160000e+03
8.5360000e+03
8.4200000e+03
7.7210000e+03
9.8740000e+03
8.8980000e+03
7.3360000e+03
9.2340000e+03
9.4760000e+03
7.1380000e+03
8.9950000e+03
9.7800000e+03
7.2730000e+03
8.5450000e+03
9.0050000e+03
8.7110000e+03
7.2660000e+03
8.5420000e+03
9.4200000e+03
6.7500000e+03
9.4510000e+03
8.4070000e+03
7.1770000e+03
9.9060000e+03
7.3650000e+03
8.3850000e+03
8.6010000e+03
8.0880000e+03
8.6940000e+03
7.8790000e+03
8.7460000e+03
7.9890000e+03
8.5040000e+03
8.1440000e+03
8.0750000e+03
8.7880000e+03
8.3070000e+03
8.4600000e+03
8.3770000e+03
8.5790000e+03
7.8870000e+03
8.3370000e+03
8.6990000e+03
7.7540000e+03
9.0040000e+03
7.7080000e+03
8.3960000e+03
8.4750000e+03
8.5190000e+03
8.3850000e+03
8.3080000e+03
8.5350000e+03
7.9120000e+03
8.5190000e+03
7.8570000e+03
8.0080000e+03
8.5090000e+03
7.7730000e+03
8.5280000e+03
7.9420000e+03
8.2690000e+03
8.0930000e+03
8.1380000e+03
8.4900000e+03
7.6940000e+03
8.3460000e+03
7.8490000e+03
8.2190000e+03
8.0430000e+03
7.9590000e+03
8.2370000e+03
8.0060000e+03
7.8680000e+03
8.3500000e+03
7.8740000e+03
8.1160000e+03
8.0740000e+03
7.9840000e+03
8.0920000e+03
7.9810000e+03
8.2480000e+03
7.9900000e+03
8.2890000e+03
7.8970000e+03
8.1830000e+03
8.1100000e+03
8.1680000e+03
8.0890000e+03
8.1270000e+03
8.1870000e+03
8.1020000e+03
8.1070000e+03
7.9880000e+03
8.1340000e+03
8.1230000e+03
8.0890000e+03
8.1000000e+03
7.8780000e+03
8.1490000e+03
7.9540000e+03
8.1150000e+03
8.2880000e+03
8.0670000e+03
8.1230000e+03
7.9900000e+03
8.0880000e+03
8.1510000e+03
8.0580000e+03
8.0830000e+03
8.1000000e+03
8.0860000e+03
8.0070000e+03
8.1320000e+03
8.1780000e+03
8.1060000e+03
8.0770000e+03
8.0590000e+03
8.1100000e+03
7.9570000e+03
7.9560000e+03
8.1260000e+03
8.1070000e+03
8.2040000e+03
8.0470000e+03
7.9330000e+03
7.9860000e+03
8.1140000e+03
8.0990000e+03
8.0850000e+03
8.1240000e+03
8.0840000e+03
8.0610000e+03
8.1480000e+03
8.1350000e+03
8.0760000e+03
7.9940000e+03
8.0860000e+03
8.1490000e+03
8.0470000e+03
8.0740000e+03
8.1090000e+03
8.0910000e+03
8.0860000e+03
8.1110000e+03
8.0970000e+03
7.9860000e+03
8.1710000e+03
8.1850000e+03
8.0460000e+03
8.0840000e+03
8.0880000e+03
8.0560000e+03
8.1070000e+03
8.1780000e+03
8.1020000e+03
8.1070000e+03
8.2410000e+03
8.1960000e+03
8.2000000e+03
8.1490000e+03
8.0220000e+03
8.0750000e+03
8.1820000e+03
8.0800000e+03
7.9580000e+03
8.1810000e+03
8.0570000e+03
7.9350000e+03
8.2490000e+03
8.2070000e+03
8.0810000e+03
8.1310000e+03
8.1400000e+03
8.0790000e+03
8.0890000e+03
8.2260000e+03
8.1630000e+03
8.0620000e+03
8.0620000e+03
8.1510000e+03
8.2120000e+03
8.1930000e+03
8.1280000e+03
8.1260000e+03
8.2370000e+03
8.1060000e+03
8.0520000e+03
8.1750000e+03
8.0590000e+03
8.0710000e+03
8.1510000e+03
8.1630000e+03
8.1500000e+03
8.0730000e+03
8.0910000e+03
8.1350000e+03
8.2430000e+03
8.1380000e+03
8.0180000e+03
8.1710000e+03
8.0900000e+03
8.0770000e+03
8.2010000e+03
8.1750000e+03
8.1700000e+03
8.1450000e+03
8.0690000e+03
8.1590000e+03
8.1770000e+03
8.0450000e+03
8.1570000e+03
8.1200000e+03
8.0570000e+03
8.1490000e+03
8.0470000e+03
8.1850000e+03
8.2120000e+03
8.1580000e+03
8.1790000e+03
8.0990000e+03
8.1840000e+03
8.2260000e+03
8.2270000e+03
8.0030000e+03
8.1080000e+03
8.3540000e+03
8.1530000e+03
8.1710000e+03
8.1540000e+03
8.1370000e+03
8.2180000e+03
8.2020000e+03
8.1380000e+03
8.0570000e+03
8.2700000e+03
8.1870000e+03
8.0710000e+03
8.2040000e+03
8.1790000e+03
8.2250000e+03
8.0900000e+03
8.0920000e+03
8.2470000e+03
8.1530000e+03
8.2040000e+03
8.1710000e+03
8.1550000e+03
8.2210000e+03
8.2220000e+03
8.1770000e+03
8.0770000e+03
8.2770000e+03
8.1360000e+03
8.2320000e+03
8.2890000e+03
8.0640000e+03
8.1580000e+03
8.1240000e+03
8.1650000e+03
8.1840000e+03
8.1430000e+03
8.1760000e+03
8.1020000e+03
8.0960000e+03
8.1090000e+03
8.1340000e+03
8.1800000e+03
8.0560000e+03
8.1220000e+03
8.1620000e+03
8.1140000e+03
8.1080000e+03
8.0260000e+03
8.0750000e+03
8.2240000e+03
8.2740000e+03
8.1180000e+03
8.1100000e+03
8.0950000e+03
8.1270000e+03
8.2450000e+03
8.0750000e+03
8.1030000e+03
8.1720000e+03
8.0660000e+03
8.1860000e+03
8.1690000e+03
8.1380000e+03
8.0980000e+03
8.1450000e+03
8.2400000e+03
8.1790000e+03
8.1250000e+03
8.1270000e+03
8.2620000e+03
8.1820000e+03
8.2060000e+03
8.2260000e+03
8.0510000e+03
8.1450000e+03
8.2500000e+03
8.1310000e+03
8.1060000e+03
8.1730000e+03
8.1680000e+03
8.1680000e+03
8.1910000e+03
8.1490000e+03
8.2220000e+03
8.1570000e+03
8.1750000e+03
8.3210000e+03
8.2120000e+03
8.1800000e+03
8.0410000e+03
8.1880000e+03
8.3210000e+03
8.0340000e+03
8.0770000e+03
8.1350000e+03
8.1030000e+03
8.1820000e+03
8.1950000e+03
8.1450000e+03
8.1520000e+03
8.2180000e+03
8.1830000e+03
8.1960000e+03
8.1650000e+03
8.0680000e+03
8.2400000e+03
8.2210000e+03
8.1610000e+03
8.1120000e+03
8.1590000e+03
8.1620000e+03
8.1210000e+03
8.2040000e+03
8.1730000e+03
8.1480000e+03
8.1500000e+03
8.1320000e+03
8.2380000e+03
8.1130000e+03
8.1740000e+03
8.1400000e+03
8.1060000e+03
8.1940000e+03
8.1850000e+03
8.1680000e+03
8.0810000e+03
8.1760000e+03
8.2010000e+03
8.1360000e+03
8.1630000e+03
8.0730000e+03
8.0850000e+03
8.1340000e+03
8.1490000e+03
8.1540000e+03
8.1480000e+03
8.1400000e+03
8.0870000e+03
8.1720000e+03
8.1740000e+03
8.0710000e+03
8.1710000e+03
8.1260000e+03
8.2010000e+03
8.1620000e+03
8.0330000e+03
8.1350000e+03
8.1670000e+03
8.1450000e+03
8.1410000e+03
8.1690000e+03
8.0670000e+03
8.0960000e+03
8.1120000e+03
8.1760000e+03
8.2070000e+03
8.0810000e+03
8.1060000e+03
8.1780000e+03
8.1310000e+03
8.2250000e+03
8.1330000e+03
8.1880000e+03
8.1850000e+03
8.1640000e+03
8.2320000e+03
8.0900000e+03
8.2050000e+03
8.2010000e+03
8.1440000e+03
8.0650000e+03
8.1690000e+03
8.2440000e+03
8.0490000e+03
8.2000000e+03
8.2650000e+03
8.1460000e+03
8.1650000e+03
8.1660000e+03
8.1940000e+03
8.2380000e+03
8.1570000e+03
8.1720000e+03
8.2370000e+03
8.1700000e+03
8.1440000e+03
8.1970000e+03
8.1670000e+03
8.1570000e+03
8.0960000e+03
8.1940000e+03
8.2530000e+03
8.0820000e+03
8.2710000e+03
8.2130000e+03
8.0540000e+03
8.2200000e+03
8.1350000e+03
8.1980000e+03
8.2000000e+03
8.2170000e+03
8.1510000e+03
8.1480000e+03
8.2260000e+03
8.1330000e+03
8.1780000e+03
8.2050000e+03
8.0940000e+03
8.1050000e+03
8.1400000e+03
8.2380000e+03
8.0850000e+03
8.1530000e+03
8.1580000e+03
8.0960000e+03
8.1780000e+03
8.1630000e+03
8.2480000e+03
8.1310000e+03
8.1100000e+03
8.2070000e+03
8.1420000e+03
8.1580000e+03
8.1530000e+03
8.1020000e+03
8.0690000e+03
8.1420000e+03
8.2020000e+03
8.0610000e+03
8.1660000e+03
8.1810000e+03
8.1410000e+03
8.1540000e+03
8.1320000e+03
8.1230000e+03
8.1680000e+03
8.2740000e+03
8.0970000e+03
8.1120000e+03
8.2350000e+03
8.1460000e+03
8.1940000e+03
8.2190000e+03
8.1320000e+03
8.0720000e+03
8.1730000e+03
8.1730000e+03
8.1280000e+03
8.2010000e+03
8.1400000e+03
8.1030000e+03
8.1550000e+03
8.1210000e+03
8.1820000e+03
8.0930000e+03
8.1450000e+03
8.2150000e+03
8.1620000e+03
8.1100000e+03
8.1890000e+03
8.2000000e+03
8.1170000e+03
8.1490000e+03
8.2080000e+03
8.1600000e+03
8.1610000e+03
8.1420000e+03
8.2450000e+03
8.2100000e+03
8.1830000e+03
8.2270000e+03
8.1280000e+03
8.1270000e+03
8.2010000e+03
8.1740000e+03
8.1450000e+03
8.1820000e+03
8.2180000e+03
8.1390000e+03
8.1640000e+03
8.0980000e+03
8.2360000e+03
8.2350000e+03
8.1090000e+03
8.2710000e+03
8.1670000e+03
8.1160000e+03
8.1930000e+03
8.1960000e+03
8.2330000e+03
8.1010000e+03
8.1230000e+03
8.1660000e+03
8.1830000e+03
8.1800000e+03
8.1460000e+03
8.1970000e+03
8.1230000e+03
8.1880000e+03
8.1380000e+03
8.0990000e+03
8.1930000e+03
8.1670000e+03
8.2160000e+03
8.1480000e+03
8.1080000e+03
8.1310000e+03
8.1170000e+03
8.1640000e+03
8.1790000e+03
8.1920000e+03
8.1370000e+03
8.1470000e+03
8.1560000e+03
8.1160000e+03
8.2180000e+03
8.1540000e+03
8.1390000e+03
8.1810000e+03
8.1340000e+03
8.1420000e+03
8.1390000e+03
8.2740000e+03
8.1390000e+03
8.0570000e+03
8.1810000e+03
8.1070000e+03
8.1210000e+03
8.1810000e+03
8.1490000e+03
8.0850000e+03
8.1980000e+03
8.1790000e+03
8.0620000e+03
8.2120000e+03
8.1780000e+03
8.0850000e+03
8.2100000e+03
8.1880000e+03
8.0910000e+03
8.1380000e+03
8.1820000e+03
8.1150000e+03
8.1200000e+03
8.2530000e+03
8.0780000e+03
8.1670000e+03
8.2520000e+03
8.1430000e+03
8.1470000e+03
8.1580000e+03
8.1810000e+03
8.1890000e+03
8.1460000e+03
8.1220000e+03
8.1340000e+03
8.1770000e+03
8.2070000e+03
8.2430000e+03
8.1200000e+03
8.1090000e+03
8.1910000e+03
8.2340000e+03
8.1540000e+03
8.0930000e+03
8.2850000e+03
8.2300000e+03
8.0610000e+03
8.1820000e+03
8.2240000e+03
8.1500000e+03
8.0700000e+03
8.2220000e+03
8.2050000e+03
8.2550000e+03
8.2290000e+03
8.0790000e+03
8.2020000e+03
8.2200000e+03
8.1490000e+03
8.1820000e+03
8.1420000e+03
8.2080000e+03
8.1960000e+03
8.1920000e+03
8.1360000e+03
8.1560000e+03
8.1890000e+03
8.1370000e+03
8.1930000e+03
8.1820000e+03
8.1810000e+03
8.1470000e+03
8.2180000e+03
8.3220000e+03
8.0950000e+03
8.1370000e+03
8.1560000e+03
8.1240000e+03
8.2130000e+03
8.1650000e+03
8.1420000e+03
8.1070000e+03
8.3110000e+03
8.1640000e+03
8.0350000e+03
8.2530000e+03
8.1840000e+03
8.1620000e+03
8.1470000e+03
8.1690000e+03
8.2180000e+03
8.1360000e+03
8.0950000e+03
8.1990000e+03
8.2790000e+03
8.1080000e+03
8.1410000e+03
8.2010000e+03
8.1160000e+03
8.2180000e+03
8.1450000e+03
8.1400000e+03
8.2200000e+03
8.2090000e+03
8.1550000e+03
8.0570000e+03
8.2130000e+03
8.2390000e+03
8.1810000e+03
8.1700000e+03
8.0790000e+03
8.1420000e+03
8.2180000e+03
8.0970000e+03
8.1040000e+03
8.2380000e+03
8.2020000e+03
8.0590000e+03
8.1430000e+03
8.1030000e+03
8.1590000e+03
8.2180000e+03
8.1090000e+03
8.1250000e+03
8.2090000e+03
8.2190000e+03
8.0410000e+03
8.1240000e+03
8.3080000e+03
8.1520000e+03
8.1360000e+03
8.1070000e+03
8.2280000e+03
8.1900000e+03
8.0980000e+03
8.1970000e+03
8.1420000e+03
8.2370000e+03
8.1410000e+03
8.0890000e+03
8.2110000e+03
8.1570000e+03
8.1560000e+03
8.1190000e+03
8.1310000e+03
8.1840000e+03
8.2110000e+03
8.1690000e+03
8.0570000e+03
8.2060000e+03
8.2590000e+03
8.0620000e+03
8.1340000e+03
8.1940000e+03
8.1480000e+03
8.1570000e+03
8.2280000e+03
8.1800000e+03
8.0940000e+03
8.1810000e+03
8.1810000e+03
8.2070000e+03
8.1450000e+03
8.2000000e+03
8.2300000e+03
8.1880000e+03
8.1960000e+03
8.1260000e+03
8.1880000e+03
8.1660000e+03
8.1630000e+03
8.2500000e+03
8.1570000e+03
8.1660000e+03
8.1600000e+03
8.2050000e+03
8.1760000e+03
8.1650000e+03
8.2160000e+03
8.1090000e+03
8.2090000e+03
8.2340000e+03
8.1380000e+03
8.1440000e+03
8.1940000e+03
8.2270000e+03
8.1530000e+03
8.2440000e+03
8.1050000e+03
8.1020000e+03
8.3060000e+03
8.1860000e+03
8.1910000e+03
8.1430000e+03
8.1950000e+03
8.2260000e+03
8.1030000e+03
8.1710000e+03
8.1480000e+03
8.1740000e+03
8.1650000e+03
8.2740000e+03
8.2100000e+03
8.1440000e+03
8.1810000e+03
8.1340000e+03
8.1900000e+03
8.2540000e+03
8.1760000e+03
8.1020000e+03
8.1380000e+03
8.2450000e+03
8.2370000e+03
8.1580000e+03
8.1690000e+03
8.1010000e+03
8.2600000e+03
8.1530000e+03
8.0890000e+03
8.1990000e+03
8.0890000e+03
8.1990000e+03
0.0000000e+00
0.0000000e+00
0.0000000e+00
0.0000000e+00
0.0000000e+00
0.0000000e+00
0.0000000e+00
0.0000000e+00
0.0000000e+00
0.0000000e+00
0.0000000e+00
0.0000000e+00
0.0000000e+00
0.0000000e+00
0.0000000e+00
0.0000000e+00
0.0000000e+00
0.0000000e+00
0.0000000e+00
0.0000000e+00
0.0000000e+00
0.0000000e+00
0.0000000e+00
0.0000000e+00
0.0000000e+00
0.0000000e+00
0.0000000e+00
0.0000000e+00
0.0000000e+00
0.0000000e+00
0.0000000e+00
0.0000000e+00
0.0000000e+00
0.0000000e+00
0.0000000e+00
0.0000000e+00
0.0000000e+00
0.0000000e+00
0.0000000e+00
0.0000000e+00
0.0000000e+00
0.0000000e+00
0.0000000e+00
0.0000000e+00
0.0000000e+00
0.0000000e+00
0.0000000e+00
0.0000000e+00
0.0000000e+00
0.0000000e+00
0.0000000e+00
0.0000000e+00
0.0000000e+00
0.0000000e+00
0.0000000e+00
0.0000000e+00
0.0000000e+00
0.0000000e+00
0.0000000e+00
0.0000000e+00
0.0000000e+00
0.0000000e+00
0.0000000e+00
0.0000000e+00
0.0000000e+00
0.0000000e+00
0.0000000e+00
0.0000000e+00
0.0000000e+00
0.0000000e+00
0.0000000e+00
0.0000000e+00
0.0000000e+00
0.0000000e+00
0.0000000e+00
0.0000000e+00
0.0000000e+00
0.0000000e+00
0.0000000e+00
0.0000000e+00
0.0000000e+00
0.0000000e+00
0.0000000e+00
0.0000000e+00
0.0000000e+00
0.0000000e+00
0.0000000e+00
0.0000000e+00
0.0000000e+00
0.0000000e+00
0.0000000e+00
0.0000000e+00
0.0000000e+00
0.0000000e+00
0.0000000e+00
0.0000000e+00
0.0000000e+00
0.0000000e+00
0.0000000e+00
0.0000000e+00
0.0000000e+00
0.0000000e+00
0.0000000e+00
0.0000000e+00
0.0000000e+00
0.0000000e+00
0.0000000e+00
0.0000000e+00
0.0000000e+00
0.0000000e+00
0.0000000e+00
0.0000000e+00
0.0000000e+00
0.0000000e+00
0.0000000e+00
0.0000000e+00
0.0000000e+00
0.0000000e+00
0.0000000e+00
0.0000000e+00
0.0000000e+00
0.0000000e+00
0.0000000e+00
0.0000000e+00
0.0000000e+00
0.0000000e+00
0.0000000e+00
0.0000000e+00
0.0000000e+00
0.0000000e+00
0.0000000e+00
0.0000000e+00
0.0000000e+00
0.0000000e+00
0.0000000e+00
0.0000000e+00
0.0000000e+00
0.0000000e+00
0.0000000e+00
0.0000000e+00
0.0000000e+00
0.0000000e+00
0.0000000e+00
0.0000000e+00
0.0000000e+00
0.0000000e+00
0.0000000e+00
0.0000000e+00
0.0000000e+00
0.0000000e+00
0.0000000e+00
0.0000000e+00
0.0000000e+00
0.0000000e+00
0.0000000e+00
0.0000000e+00
0.0000000e+00
0.0000000e+00
0.0000000e+00
0.0000000e+00
0.0000000e+00
0.0000000e+00
0.0000000e+00
0.0000000e+00
0.0000000e+00
0.0000000e+00
0.0000000e+00
0.0000000e+00
0.0000000e+00
0.0000000e+00
0.0000000e+00
0.0000000e+00
0.0000000e+00
0.0000000e+00
0.0000000e+00
0.0000000e+00
0.0000000e+00
0.0000000e+00
0.0000000e+00
0.0000000e+00
0.0000000e+00
0.0000000e+00
0.0000000e+00
0.0000000e+00
0.0000000e+00
0.0000000e+00
0.0000000e+00
0.0000000e+00
0.0000000e+00
0.0000000e+00
0.0000000e+00
0.0000000e+00
0.0000000e+00
0.0000000e+00
0.0000000e+00
0.0000000e+00
0.0000000e+00
0.0000000e+00
0.0000000e+00
0.0000000e+00
0.0000000e+00
0.0000000e+00
0.0000000e+00
0.0000000e+00
0.0000000e+00
0.0000000e+00
0.0000000e+00
0.0000000e+00
0.0000000e+00
0.0000000e+00
0.0000000e+00
0.0000000e+00
0.0000000e+00
0.0000000e+00
0.0000000e+00
0.0000000e+00
0.0000000e+00
0.0000000e+00
0.0000000e+00
0.0000000e+00
0.0000000e+00
0.0000000e+00
0.0000000e+00
0.0000000e+00
0.0000000e+00
0.0000000e+00
0.0000000e+00
0.0000000e+00
0.0000000e+00
0.0000000e+00
0.0000000e+00
0.0000000e+00
0.0000000e+00
0.0000000e+00
0.0000000e+00
0.0000000e+00
0.0000000e+00
0.0000000e+00
0.0000000e+00
0.0000000e+00
0.0000000e+00
0.0000000e+00
0.0000000e+00
0.0000000e+00
0.0000000e+00
0.0000000e+00
0.0000000e+00
0.0000000e+00
0.0000000e+00
0.0000000e+00
0.0000000e+00
0.0000000e+00
0.0000000e+00
0.0000000e+00
0.0000000e+00
0.0000000e+00
0.0000000e+00
0.0000000e+00
0.0000000e+00
0.0000000e+00
0.0000000e+00
0.0000000e+00
0.0000000e+00
0.0000000e+00
0.0000000e+00
0.0000000e+00
0.0000000e+00
0.0000000e+00
0.0000000e+00
0.0000000e+00
0.0000000e+00
0.0000000e+00
0.0000000e+00
0.0000000e+00
0.0000000e+00
0.0000000e+00
0.0000000e+00
0.0000000e+00
0.0000000e+00
0.0000000e+00
0.0000000e+00
0.0000000e+00
0.0000000e+00
0.0000000e+00
0.0000000e+00
0.0000000e+00
0.0000000e+00
0.0000000e+00
0.0000000e+00
0.0000000e+00
0.0000000e+00
0.0000000e+00
0.0000000e+00
0.0000000e+00
0.0000000e+00
0.0000000e+00
0.0000000e+00
0.0000000e+00
0.0000000e+00
0.0000000e+00
0.0000000e+00
0.0000000e+00
0.0000000e+00
0.0000000e+00
0.0000000e+00
0.0000000e+00
0.0000000e+00
0.0000000e+00
0.0000000e+00
0.0000000e+00
0.0000000e+00
0.0000000e+00
0.0000000e+00
0.0000000e+00
0.0000000e+00
0.0000000e+00
0.0000000e+00
0.0000000e+00
0.0000000e+00
0.0000000e+00
0.0000000e+00
0.0000000e+00
0.0000000e+00
0.0000000e+00
0.0000000e+00
0.0000000e+00
0.0000000e+00
0.0000000e+00
0.0000000e+00
0.0000000e+00
0.0000000e+00
0.0000000e+00
0.0000000e+00
0.0000000e+00
0.0000000e+00
0.0000000e+00
0.0000000e+00
0.0000000e+00
0.0000000e+00
0.0000000e+00
0.0000000e+00
0.0000000e+00
0.0000000e+00
0.0000000e+00
0.0000000e+00
0.0000000e+00
0.0000000e+00
0.0000000e+00
0.0000000e+00
0.0000000e+00
0.0000000e+00
0.0000000e+00
0.0000000e+00
0.0000000e+00
0.0000000e+00
0.0000000e+00
0.0000000e+00
0.0000000e+00
0.0000000e+00
0.0000000e+00
0.0000000e+00
0.0000000e+00
0.0000000e+00
0.0000000e+00
0.0000000e+00
0.0000000e+00
0.0000000e+00
0.0000000e+00
0.0000000e+00
0.0000000e+00
0.0000000e+00
0.0000000e+00
0.0000000e+00
0.0000000e+00
0.0000000e+00
0.0000000e+00
0.0000000e+00
0.0000000e+00
0.0000000e+00
0.0000000e+00
0.0000000e+00
0.0000000e+00
0.0000000e+00
0.0000000e+00
0.0000000e+00
0.0000000e+00
0.0000000e+00
0.0000000e+00
0.0000000e+00
0.0000000e+00
0.0000000e+00
0.0000000e+00
0.0000000e+00
0.0000000e+00
0.0000000e+00
0.0000000e+00
0.0000000e+00
0.0000000e+00
0.0000000e+00
0.0000000e+00
0.0000000e+00
0.0000000e+00
0.0000000e+00
0.0000000e+00
0.0000000e+00
0.0000000e+00
0.0000000e+00
0.0000000e+00
0.0000000e+00
0.0000000e+00
0.0000000e+00
0.0000000e+00
0.0000000e+00
0.0000000e+00
0.0000000e+00
0.0000000e+00
0.0000000e+00
0.0000000e+00
0.0000000e+00
0.0000000e+00
0.0000000e+00
0.0000000e+00
0.0000000e+00
0.0000000e+00
0.0000000e+00
0.0000000e+00
0.0000000e+00
0.0000000e+00
0.0000000e+00
0.0000000e+00
0.0000000e+00
0.0000000e+00
0.0000000e+00
0.0000000e+00
0.0000000e+00
0.0000000e+00
0.0000000e+00
0.0000000e+00
0.0000000e+00
0.0000000e+00
0.0000000e+00
0.0000000e+00
0.0000000e+00
0.0000000e+00
0.0000000e+00
0.0000000e+00
0.0000000e+00
0.0000000e+00
0.0000000e+00
0.0000000e+00
0.0000000e+00
0.0000000e+00
0.0000000e+00
0.0000000e+00
0.0000000e+00
0.0000000e+00
0.0000000e+00
0.0000000e+00
0.0000000e+00
0.0000000e+00
0.0000000e+00
0.0000000e+00
0.0000000e+00
0.0000000e+00
0.0000000e+00
0.0000000e+00
0.0000000e+00
0.0000000e+00
0.0000000e+00
0.0000000e+00
0.0000000e+00
0.0000000e+00
0.0000000e+00
0.0000000e+00
0.0000000e+00
0.0000000e+00
0.0000000e+00
0.0000000e+00
0.0000000e+00
0.0000000e+00
0.0000000e+00
0.0000000e+00
0.0000000e+00
0.0000000e+00
0.0000000e+00
0.0000000e+00
0.0000000e+00
0.0000000e+00
0.0000000e+00
0.0000000e+00
0.0000000e+00
0.0000000e+00
0.0000000e+00
0.0000000e+00
0.0000000e+00
0.0000000e+00
0.0000000e+00
0.0000000e+00
0.0000000e+00
0.0000000e+00
0.0000000e+00
0.0000000e+00
0.0000000e+00
0.0000000e+00
0.0000000e+00
0.0000000e+00
0.0000000e+00
0.0000000e+00
0.0000000e+00
0.0000000e+00
0.0000000e+00
0.0000000e+00
0.0000000e+00
0.0000000e+00
0.0000000e+00
0.0000000e+00
0.0000000e+00
0.0000000e+00
0.0000000e+00
0.0000000e+00
0.0000000e+00
0.0000000e+00
0.0000000e+00
0.0000000e+00
0.0000000e+00
0.0000000e+00
0.0000000e+00
0.0000000e+00
0.0000000e+00
0.0000000e+00
0.0000000e+00
0.0000000e+00
0.0000000e+00
0.0000000e+00
0.0000000e+00
0.0000000e+00
0.0000000e+00
0.0000000e+00
0.0000000e+00
0.0000000e+00
0.0000000e+00
0.0000000e+00
0.0000000e+00
0.0000000e+00
0.0000000e+00
0.0000000e+00
0.0000000e+00
0.0000000e+00
0.0000000e+00
0.0000000e+00
0.0000000e+00
0.0000000e+00
0.0000000e+00
0.0000000e+00
0.0000000e+00
0.0000000e+00
0.0000000e+00
0.0000000e+00
0.0000000e+00
0.0000000e+00
0.0000000e+00
0.0000000e+00
0.0000000e+00
0.0000000e+00
0.0000000e+00
0.0000000e+00
0.0000000e+00
0.0000000e+00
0.0000000e+00
0.0000000e+00
0.0000000e+00
0.0000000e+00
0.0000000e+00
0.0000000e+00
0.0000000e+00
0.0000000e+00
0.0000000e+00
0.0000000e+00
0.0000000e+00
0.0000000e+00
0.0000000e+00
0.0000000e+00
0.0000000e+00
0.0000000e+00
0.0000000e+00
0.0000000e+00
0.0000000e+00
0.0000000e+00
0.0000000e+00
0.0000000e+00
0.0000000e+00
0.0000000e+00
0.0000000e+00
0.0000000e+00
0.0000000e+00
0.0000000e+00
0.0000000e+00
0.0000000e+00
0.0000000e+00
0.0000000e+00
0.0000000e+00
0.0000000e+00
0.0000000e+00
0.0000000e+00
0.0000000e+00
0.0000000e+00
0.0000000e+00
0.0000000e+00
0.0000000e+00
0.0000000e+00
0.0000000e+00
0.0000000e+00
0.0000000e+00
0.0000000e+00
0.0000000e+00
0.0000000e+00
0.0000000e+00
0.0000000e+00
0.0000000e+00
0.0000000e+00
0.0000000e+00
0.0000000e+00
0.0000000e+00
0.0000000e+00
0.0000000e+00
0.0000000e+00
0.0000000e+00
0.0000000e+00
0.0000000e+00
0.0000000e+00
0.0000000e+00
0.0000000e+00
0.0000000e+00
0.0000000e+00
0.0000000e+00
0.0000000e+00
0.0000000e+00
0.0000000e+00
0.0000000e+00
0.0000000e+00
0.0000000e+00
0.0000000e+00
0.0000000e+00
0.0000000e+00
0.0000000e+00
0.0000000e+00
0.0000000e+00
0.0000000e+00
0.0000000e+00
0.0000000e+00
0.0000000e+00
0.0000000e+00
0.0000000e+00
0.0000000e+00
0.0000000e+00
0.0000000e+00
0.0000000e+00
0.0000000e+00
0.0000000e+00
0.0000000e+00
0.0000000e+00
0.0000000e+00
0.0000000e+00
0.0000000e+00
0.0000000e+00
0.0000000e+00
0.0000000e+00
0.0000000e+00
0.0000000e+00
0.0000000e+00
0.0000000e+00
0.0000000e+00
0.0000000e+00
0.0000000e+00
0.0000000e+00
0.0000000e+00
0.0000000e+00
0.0000000e+00
0.0000000e+00
0.0000000e+00
0.0000000e+00
0.0000000e+00
0.0000000e+00
0.0000000e+00
0.0000000e+00
0.0000000e+00
0.0000000e+00
0.0000000e+00
0.0000000e+00
0.0000000e+00
0.0000000e+00
0.0000000e+00
0.0000000e+00
0.0000000e+00
0.0000000e+00
0.0000000e+00
0.0000000e+00
0.0000000e+00
0.0000000e+00
0.0000000e+00
0.0000000e+00
0.0000000e+00
0.0000000e+00
0.0000000e+00
0.0000000e+00
0.0000000e+00
0.0000000e+00
0.0000000e+00
0.0000000e+00
0.0000000e+00
0.0000000e+00
0.0000000e+00
0.0000000e+00
0.0000000e+00
0.0000000e+00
0.0000000e+00
0.0000000e+00
0.0000000e+00
0.0000000e+00
0.0000000e+00
0.0000000e+00
0.0000000e+00
0.0000000e+00
0.0000000e+00
0.0000000e+00
0.0000000e+00
0.0000000e+00
0.0000000e+00
0.0000000e+00
0.0000000e+00
0.0000000e+00
0.0000000e+00
0.0000000e+00
0.0000000e+00
0.0000000e+00
0.0000000e+00
0.0000000e+00
0.0000000e+00
0.0000000e+00
0.0000000e+00
0.0000000e+00
0.0000000e+00
0.0000000e+00
0.0000000e+00
0.0000000e+00
0.0000000e+00
0.0000000e+00
0.0000000e+00
0.0000000e+00
0.0000000e+00
0.0000000e+00
0.0000000e+00
0.0000000e+00
0.0000000e+00
0.0000000e+00
0.0000000e+00
0.0000000e+00
0.0000000e+00
0.0000000e+00
0.0000000e+00
0.0000000e+00
0.0000000e+00
0.0000000e+00
0.0000000e+00
0.0000000e+00
0.0000000e+00
0.0000000e+00
0.0000000e+00
0.0000000e+00
0.0000000e+00
0.0000000e+00
0.0000000e+00
0.0000000e+00
0.0000000e+00
0.0000000e+00
0.0000000e+00
0.0000000e+00
0.0000000e+00
0.0000000e+00
0.0000000e+00
0.0000000e+00
0.0000000e+00
0.0000000e+00
0.0000000e+00
0.0000000e+00
0.0000000e+00
0.0000000e+00
0.0000000e+00
0.0000000e+00
0.0000000e+00
0.0000000e+00
0.0000000e+00
0.0000000e+00
0.0000000e+00
0.0000000e+00
0.0000000e+00
0.0000000e+00
0.0000000e+00
0.0000000e+00
0.0000000e+00
0.0000000e+00
0.0000000e+00
0.0000000e+00
0.0000000e+00
0.0000000e+00
0.0000000e+00
0.0000000e+00
0.0000000e+00
0.0000000e+00
0.0000000e+00
0.0000000e+00
0.0000000e+00
0.0000000e+00
0.0000000e+00
0.0000000e+00
0.0000000e+00
0.0000000e+00
0.0000000e+00
0.0000000e+00
0.0000000e+00
0.0000000e+00
0.0000000e+00
0.0000000e+00
0.0000000e+00
0.0000000e+00
0.0000000e+00
0.0000000e+00
0.0000000e+00
0.0000000e+00
0.0000000e+00
0.0000000e+00
0.0000000e+00
0.0000000e+00
0.0000000e+00
0.0000000e+00
0.0000000e+00
0.0000000e+00
0.0000000e+00
0.0000000e+00
0.0000000e+00
0.0000000e+00
0.0000000e+00
0.0000000e+00
0.0000000e+00
0.0000000e+00
0.0000000e+00
0.0000000e+00
0.0000000e+00
0.0000000e+00
0.0000000e+00
0.0000000e+00
0.0000000e+00
0.0000000e+00
0.0000000e+00
0.0000000e+00
0.0000000e+00
0.0000000e+00
0.0000000e+00
0.0000000e+00
0.0000000e+00
0.0000000e+00
0.0000000e+00
0.0000000e+00
0.0000000e+00
0.0000000e+00
0.0000000e+00
0.0000000e+00
0.0000000e+00
0.0000000e+00
0.0000000e+00
0.0000000e+00
0.0000000e+00
0.0000000e+00
0.0000000e+00
0.0000000e+00
0.0000000e+00
0.0000000e+00
0.0000000e+00
0.0000000e+00
0.0000000e+00
0.0000000e+00
0.0000000e+00
0.0000000e+00
0.0000000e+00
0.0000000e+00
0.0000000e+00
0.0000000e+00
0.0000000e+00
0.0000000e+00
0.0000000e+00
0.0000000e+00
0.0000000e+00
0.0000000e+00
0.0000000e+00
0.0000000e+00
0.0000000e+00
0.0000000e+00
0.0000000e+00
0.0000000e+00
0.0000000e+00
0.0000000e+00
0.0000000e+00
0.0000000e+00
0.0000000e+00
0.0000000e+00
0.0000000e+00
0.0000000e+00
0.0000000e+00
0.0000000e+00
0.0000000e+00
0.0000000e+00
0.0000000e+00
0.0000000e+00
0.0000000e+00
0.0000000e+00
0.0000000e+00
0.0000000e+00
0.0000000e+00
0.0000000e+00
0.0000000e+00
0.0000000e+00
0.0000000e+00
0.0000000e+00
0.0000000e+00
0.0000000e+00
0.0000000e+00
0.0000000e+00
0.0000000e+00
0.0000000e+00
0.0000000e+00
0.0000000e+00
0.0000000e+00
0.0000000e+00
0.0000000e+00
0.0000000e+00
0.0000000e+00
0.0000000e+00
0.0000000e+00
0.0000000e+00
0.0000000e+00
0.0000000e+00
0.0000000e+00
0.0000000e+00
0.0000000e+00
0.0000000e+00
0.0000000e+00
0.0000000e+00
0.0000000e+00
0.0000000e+00
0.0000000e+00
0.0000000e+00
0.0000000e+00
0.0000000e+00
0.0000000e+00
0.0000000e+00
0.0000000e+00
0.0000000e+00
0.0000000e+00
0.0000000e+00
0.0000000e+00
0.0000000e+00
0.0000000e+00
0.0000000e+00
0.0000000e+00
0.0000000e+00
0.0000000e+00
0.0000000e+00
0.0000000e+00
0.0000000e+00
0.0000000e+00
0.0000000e+00
0.0000000e+00
0.0000000e+00
0.0000000e+00
0.0000000e+00
0.0000000e+00
0.0000000e+00
0.0000000e+00
0.0000000e+00
0.0000000e+00
0.0000000e+00
0.0000000e+00
0.0000000e+00
0.0000000e+00
0.0000000e+00
0.0000000e+00
0.0000000e+00
0.0000000e+00
0.0000000e+00
0.0000000e+00
0.0000000e+00
0.0000000e+00
0.0000000e+00
0.0000000e+00
0.0000000e+00
0.0000000e+00
0.0000000e+00
0.0000000e+00
0.0000000e+00
0.0000000e+00
0.0000000e+00
0.0000000e+00
0.0000000e+00
0.0000000e+00
0.0000000e+00
0.0000000e+00
0.0000000e+00
0.0000000e+00
0.0000000e+00
0.0000000e+00
0.0000000e+00
0.0000000e+00
0.0000000e+00
0.0000000e+00
0.0000000e+00
0.0000000e+00
0.0000000e+00
0.0000000e+00
0.0000000e+00
0.0000000e+00
0.0000000e+00
0.0000000e+00
0.0000000e+00
0.0000000e+00
0.0000000e+00
0.0000000e+00
0.0000000e+00
0.0000000e+00
0.0000000e+00
0.0000000e+00
0.0000000e+00
0.0000000e+00
0.0000000e+00
0.0000000e+00
0.0000000e+00
0.0000000e+00
0.0000000e+00
0.0000000e+00
0.0000000e+00
0.0000000e+00
0.0000000e+00
0.0000000e+00
0.0000000e+00
0.0000000e+00
0.0000000e+00
0.0000000e+00
0.0000000e+00
0.0000000e+00
0.0000000e+00
0.0000000e+00
0.0000000e+00
0.0000000e+00
0.0000000e+00
0.0000000e+00
0.0000000e+00
0.0000000e+00
0.0000000e+00
0.0000000e+00
0.0000000e+00
0.0000000e+00
0.0000000e+00
0.0000000e+00
0.0000000e+00
0.0000000e+00
0.0000000e+00
0.0000000e+00
0.0000000e+00
0.0000000e+00
0.0000000e+00
0.0000000e+00
0.0000000e+00
0.0000000e+00
0.0000000e+00
0.0000000e+00
0.0000000e+00
0.0000000e+00
0.0000000e+00
0.0000000e+00
0.0000000e+00
0.0000000e+00
0.0000000e+00
0.0000000e+00
0.0000000e+00
0.0000000e+00
0.0000000e+00
0.0000000e+00
0.0000000e+00
0.0000000e+00
0.0000000e+00
0.0000000e+00
0.0000000e+00
0.0000000e+00
0.0000000e+00
0.0000000e+00
0.0000000e+00
0.0000000e+00
0.0000000e+00
0.0000000e+00
0.0000000e+00
0.0000000e+00
0.0000000e+00
0.0000000e+00
0.0000000e+00
0.0000000e+00
0.0000000e+00
0.0000000e+00
0.0000000e+00
0.0000000e+00
0.0000000e+00
0.0000000e+00
0.0000000e+00
0.0000000e+00
0.0000000e+00
0.0000000e+00
0.0000000e+00
0.0000000e+00
0.0000000e+00
0.0000000e+00
0.0000000e+00
0.0000000e+00
0.0000000e+00
0.0000000e+00
0.0000000e+00
0.0000000e+00
0.0000000e+00
0.0000000e+00
0.0000000e+00
0.0000000e+00
0.0000000e+00
0.0000000e+00
0.0000000e+00
0.0000000e+00
0.0000000e+00
0.0000000e+00
0.0000000e+00
0.0000000e+00
0.0000000e+00
0.0000000e+00
0.0000000e+00
0.0000000e+00
0.0000000e+00
0.0000000e+00
0.0000000e+00
0.0000000e+00
0.0000000e+00
0.0000000e+00
0.0000000e+00
0.0000000e+00
0.0000000e+00
0.0000000e+00
0.0000000e+00
0.0000000e+00
0.0000000e+00
0.0000000e+00
0.0000000e+00
0.0000000e+00
0.0000000e+00
0.0000000e+00
0.0000000e+00
0.0000000e+00
0.0000000e+00
0.0000000e+00
0.0000000e+00
0.0000000e+00
0.0000000e+00
0.0000000e+00
0.0000000e+00
0.0000000e+00
0.0000000e+00
0.0000000e+00
0.0000000e+00
0.0000000e+00
0.0000000e+00
0.0000000e+00
0.0000000e+00
0.0000000e+00
0.0000000e+00
0.0000000e+00
0.0000000e+00
0.0000000e+00
0.0000000e+00
0.0000000e+00
0.0000000e+00
0.0000000e+00
0.0000000e+00
0.0000000e+00
0.0000000e+00
0.0000000e+00
0.0000000e+00
0.0000000e+00
0.0000000e+00
0.0000000e+00
0.0000000e+00
0.0000000e+00
0.0000000e+00
0.0000000e+00
0.0000000e+00
0.0000000e+00
0.0000000e+00
0.0000000e+00
0.0000000e+00
0.0000000e+00
0.0000000e+00
0.0000000e+00
0.0000000e+00
0.0000000e+00
0.0000000e+00
0.0000000e+00
0.0000000e+00
0.0000000e+00
0.0000000e+00
0.0000000e+00
0.0000000e+00
0.0000000e+00
0.0000000e+00
0.0000000e+00
0.0000000e+00
0.0000000e+00
0.0000000e+00
0.0000000e+00
0.0000000e+00
0.0000000e+00
0.0000000e+00
0.0000000e+00
0.0000000e+00
0.0000000e+00
0.0000000e+00
0.0000000e+00
0.0000000e+00
0.0000000e+00
0.0000000e+00
0.0000000e+00
0.0000000e+00
0.0000000e+00
0.0000000e+00
0.0000000e+00
0.0000000e+00
0.0000000e+00
0.0000000e+00
0.0000000e+00
0.0000000e+00
0.0000000e+00
0.0000000e+00
0.0000000e+00
0.0000000e+00
0.0000000e+00
0.0000000e+00
0.0000000e+00
0.0000000e+00
0.0000000e+00
0.0000000e+00
0.0000000e+00
0.0000000e+00
0.0000000e+00
0.0000000e+00
0.0000000e+00
0.0000000e+00
0.0000000e+00
0.0000000e+00
0.0000000e+00
0.0000000e+00
0.0000000e+00
0.0000000e+00
0.0000000e+00
0.0000000e+00
0.0000000e+00
0.0000000e+00
0.0000000e+00
0.0000000e+00
0.0000000e+00
0.0000000e+00
0.0000000e+00
0.0000000e+00
0.0000000e+00
0.0000000e+00
0.0000000e+00
0.0000000e+00
0.0000000e+00
0.0000000e+00
0.0000000e+00
0.0000000e+00
0.0000000e+00
0.0000000e+00
0.0000000e+00
0.0000000e+00
0.0000000e+00
0.0000000e+00
0.0000000e+00
0.0000000e+00
0.0000000e+00
0.0000000e+00
0.0000000e+00
0.0000000e+00
0.0000000e+00
0.0000000e+00
0.0000000e+00
0.0000000e+00
0.0000000e+00
0.0000000e+00
0.0000000e+00
0.0000000e+00
0.0000000e+00
0.0000000e+00
0.0000000e+00
0.0000000e+00
0.0000000e+00
0.0000000e+00
0.0000000e+00
0.0000000e+00
0.0000000e+00
0.0000000e+00
0.0000000e+00
0.0000000e+00
0.0000000e+00
0.0000000e+00
0.0000000e+00
0.0000000e+00
0.0000000e+00
0.0000000e+00
0.0000000e+00
0.0000000e+00
0.0000000e+00
0.0000000e+00
0.0000000e+00
0.0000000e+00
0.0000000e+00
0.0000000e+00
0.0000000e+00
0.0000000e+00
0.0000000e+00
0.0000000e+00
0.0000000e+00
0.0000000e+00
0.0000000e+00
0.0000000e+00
0.0000000e+00
0.0000000e+00
0.0000000e+00
0.0000000e+00
0.0000000e+00
0.0000000e+00
0.0000000e+00
0.0000000e+00
0.0000000e+00
0.0000000e+00
0.0000000e+00
0.0000000e+00
0.0000000e+00
0.0000000e+00
0.0000000e+00
0.0000000e+00
0.0000000e+00
0.0000000e+00
0.0000000e+00
0.0000000e+00
0.0000000e+00
0.0000000e+00
0.0000000e+00
0.0000000e+00
0.0000000e+00
0.0000000e+00
0.0000000e+00
0.0000000e+00
0.0000000e+00
0.0000000e+00
0.0000000e+00
0.0000000e+00
0.0000000e+00
0.0000000e+00
0.0000000e+00
0.0000000e+00
0.0000000e+00
0.0000000e+00
0.0000000e+00
0.0000000e+00
0.0000000e+00
0.0000000e+00
0.0000000e+00
0.0000000e+00
0.0000000e+00
0.0000000e+00
0.0000000e+00
0.0000000e+00
0.0000000e+00
0.0000000e+00
0.0000000e+00
0.0000000e+00
0.0000000e+00
0.0000000e+00
0.0000000e+00
0.0000000e+00
0.0000000e+00
0.0000000e+00
0.0000000e+00
0.0000000e+00
0.0000000e+00
0.0000000e+00
0.0000000e+00
0.0000000e+00
0.0000000e+00
0.0000000e+00
0.0000000e+00
0.0000000e+00
0.0000000e+00
0.0000000e+00
0.0000000e+00
0.0000000e+00
0.0000000e+00
0.0000000e+00
0.0000000e+00
0.0000000e+00
0.0000000e+00
0.0000000e+00
0.0000000e+00
0.0000000e+00
0.0000000e+00
0.0000000e+00
0.0000000e+00
0.0000000e+00
0.0000000e+00
0.0000000e+00
0.0000000e+00
0.0000000e+00
0.0000000e+00
0.0000000e+00
0.0000000e+00
0.0000000e+00
0.0000000e+00
0.0000000e+00
0.0000000e+00
0.0000000e+00
0.0000000e+00
0.0000000e+00
0.0000000e+00
0.0000000e+00
0.0000000e+00
0.0000000e+00
0.0000000e+00
0.0000000e+00
0.0000000e+00
0.0000000e+00
0.0000000e+00
0.0000000e+00
0.0000000e+00
0.0000000e+00
0.0000000e+00
0.0000000e+00
0.0000000e+00
0.0000000e+00
0.0000000e+00
0.0000000e+00
0.0000000e+00
0.0000000e+00
0.0000000e+00
0.0000000e+00
0.0000000e+00
0.0000000e+00
0.0000000e+00
0.0000000e+00
0.0000000e+00
0.0000000e+00
0.0000000e+00
0.0000000e+00
0.0000000e+00
0.0000000e+00
0.0000000e+00
0.0000000e+00
0.0000000e+00
0.0000000e+00
0.0000000e+00
0.0000000e+00
0.0000000e+00
0.0000000e+00
0.0000000e+00
0.0000000e+00
0.0000000e+00
0.0000000e+00
0.0000000e+00
0.0000000e+00
0.0000000e+00
0.0000000e+00
0.0000000e+00
0.0000000e+00
0.0000000e+00
0.0000000e+00
0.0000000e+00
0.0000000e+00
0.0000000e+00
0.0000000e+00
0.0000000e+00
0.0000000e+00
0.0000000e+00
0.0000000e+00
0.0000000e+00
0.0000000e+00
0.0000000e+00
0.0000000e+00
0.0000000e+00
0.0000000e+00
0.0000000e+00
0.0000000e+00
0.0000000e+00
0.0000000e+00
0.0000000e+00
0.0000000e+00
0.0000000e+00
0.0000000e+00
0.0000000e+00
0.0000000e+00
0.0000000e+00
0.0000000e+00
0.0000000e+00
0.0000000e+00
0.0000000e+00
0.0000000e+00
0.0000000e+00
0.0000000e+00
0.0000000e+00
0.0000000e+00
0.0000000e+00
0.0000000e+00
0.0000000e+00
0.0000000e+00
0.0000000e+00
0.0000000e+00
0.0000000e+00
0.0000000e+00
0.0000000e+00
0.0000000e+00
0.0000000e+00
0.0000000e+00
0.0000000e+00
0.0000000e+00
0.0000000e+00
0.0000000e+00
0.0000000e+00
0.0000000e+00
0.0000000e+00
0.0000000e+00
0.0000000e+00
0.0000000e+00
0.0000000e+00
0.0000000e+00
0.0000000e+00
0.0000000e+00
0.0000000e+00
0.0000000e+00
0.0000000e+00
0.0000000e+00
0.0000000e+00
0.0000000e+00
0.0000000e+00
0.0000000e+00
0.0000000e+00
0.0000000e+00
0.0000000e+00
0.0000000e+00
0.0000000e+00
0.0000000e+00
0.0000000e+00
0.0000000e+00
0.0000000e+00
0.0000000e+00
0.0000000e+00
0.0000000e+00
0.0000000e+00
0.0000000e+00
0.0000000e+00
0.0000000e+00
0.0000000e+00
0.0000000e+00
0.0000000e+00
0.0000000e+00
0.0000000e+00
0.0000000e+00
0.0000000e+00
0.0000000e+00
0.0000000e+00
0.0000000e+00
0.0000000e+00
0.0000000e+00
0.0000000e+00
0.0000000e+00
0.0000000e+00
0.0000000e+00
0.0000000e+00
0.0000000e+00
0.0000000e+00
0.0000000e+00
0.0000000e+00
0.0000000e+00
0.0000000e+00
0.0000000e+00
0.0000000e+00
0.0000000e+00
0.0000000e+00
0.0000000e+00
0.0000000e+00
0.0000000e+00
0.0000000e+00
0.0000000e+00
0.0000000e+00
0.0000000e+00
0.0000000e+00
0.0000000e+00
0.0000000e+00
0.0000000e+00
0.0000000e+00
0.0000000e+00
0.0000000e+00
0.0000000e+00
0.0000000e+00
0.0000000e+00
0.0000000e+00
0.0000000e+00
0.0000000e+00
0.0000000e+00
0.0000000e+00
0.0000000e+00
0.0000000e+00
0.0000000e+00
0.0000000e+00
0.0000000e+00
0.0000000e+00
0.0000000e+00
0.0000000e+00
0.0000000e+00
0.0000000e+00
0.0000000e+00
0.0000000e+00
0.0000000e+00
0.0000000e+00
0.0000000e+00
0.0000000e+00
0.0000000e+00
0.0000000e+00
0.0000000e+00
0.0000000e+00
0.0000000e+00
0.0000000e+00
0.0000000e+00
0.0000000e+00
0.0000000e+00
0.0000000e+00
0.0000000e+00
0.0000000e+00
0.0000000e+00
0.0000000e+00
0.0000000e+00
0.0000000e+00
0.0000000e+00
0.0000000e+00
0.0000000e+00
0.0000000e+00
0.0000000e+00
0.0000000e+00
0.0000000e+00
0.0000000e+00
0.0000000e+00
0.0000000e+00
0.0000000e+00
0.0000000e+00
0.0000000e+00
0.0000000e+00
0.0000000e+00
0.0000000e+00
0.0000000e+00
0.0000000e+00
0.0000000e+00
0.0000000e+00
0.0000000e+00
0.0000000e+00
0.0000000e+00
0.0000000e+00
0.0000000e+00
0.0000000e+00
0.0000000e+00
0.0000000e+00
0.0000000e+00
0.0000000e+00
0.0000000e+00
0.0000000e+00
0.0000000e+00
0.0000000e+00
0.0000000e+00
0.0000000e+00
0.0000000e+00
0.0000000e+00
0.0000000e+00
0.0000000e+00
0.0000000e+00
0.0000000e+00
0.0000000e+00
0.0000000e+00
0.0000000e+00
0.0000000e+00
0.0000000e+00
0.0000000e+00
0.0000000e+00
0.0000000e+00
0.0000000e+00
0.0000000e+00
0.0000000e+00
0.0000000e+00
0.0000000e+00
0.0000000e+00
0.0000000e+00
0.0000000e+00
0.0000000e+00
0.0000000e+00
0.0000000e+00
0.0000000e+00
0.0000000e+00
0.0000000e+00
0.0000000e+00
0.0000000e+00
0.0000000e+00
0.0000000e+00
0.0000000e+00
0.0000000e+00
0.0000000e+00
0.0000000e+00
0.0000000e+00
0.0000000e+00
0.0000000e+00
0.0000000e+00
0.0000000e+00
0.0000000e+00
0.0000000e+00
0.0000000e+00
0.0000000e+00
0.0000000e+00
0.0000000e+00
0.0000000e+00
0.0000000e+00
0.0000000e+00
0.0000000e+00
0.0000000e+00
0.0000000e+00
0.0000000e+00
0.0000000e+00
0.0000000e+00
0.0000000e+00
0.0000000e+00
0.0000000e+00
0.0000000e+00
0.0000000e+00
0.0000000e+00
0.0000000e+00
0.0000000e+00
0.0000000e+00
0.0000000e+00
0.0000000e+00
0.0000000e+00
0.0000000e+00
0.0000000e+00
0.0000000e+00
0.0000000e+00
0.0000000e+00
0.0000000e+00
0.0000000e+00
0.0000000e+00
0.0000000e+00
0.0000000e+00
0.0000000e+00
0.0000000e+00
0.0000000e+00
0.0000000e+00
0.0000000e+00
0.0000000e+00
0.0000000e+00
0.0000000e+00
0.0000000e+00
0.0000000e+00
0.0000000e+00
0.0000000e+00
0.0000000e+00
0.0000000e+00
0.0000000e+00
0.0000000e+00
0.0000000e+00
0.0000000e+00
0.0000000e+00
0.0000000e+00
0.0000000e+00
0.0000000e+00
0.0000000e+00
0.0000000e+00
0.0000000e+00
0.0000000e+00
0.0000000e+00
0.0000000e+00
0.0000000e+00
0.0000000e+00
0.0000000e+00
0.0000000e+00
0.0000000e+00
0.0000000e+00
0.0000000e+00
0.0000000e+00
0.0000000e+00
0.0000000e+00
0.0000000e+00
0.0000000e+00
0.0000000e+00
0.0000000e+00
0.0000000e+00
0.0000000e+00
0.0000000e+00
0.0000000e+00
0.0000000e+00
0.0000000e+00
0.0000000e+00
0.0000000e+00
0.0000000e+00
0.0000000e+00
0.0000000e+00
0.0000000e+00
0.0000000e+00
0.0000000e+00
0.0000000e+00
0.0000000e+00
0.0000000e+00
0.0000000e+00
0.0000000e+00
0.0000000e+00
0.0000000e+00
0.0000000e+00
0.0000000e+00
0.0000000e+00
0.0000000e+00
0.0000000e+00
0.0000000e+00
0.0000000e+00
0.0000000e+00
0.0000000e+00
0.0000000e+00
0.0000000e+00
0.0000000e+00
0.0000000e+00
0.0000000e+00
0.0000000e+00
0.0000000e+00
0.0000000e+00
0.0000000e+00
0.0000000e+00
0.0000000e+00
0.0000000e+00
0.0000000e+00
0.0000000e+00
0.0000000e+00
0.0000000e+00
0.0000000e+00
0.0000000e+00
0.0000000e+00
0.0000000e+00
0.0000000e+00
0.0000000e+00
0.0000000e+00
0.0000000e+00
0.0000000e+00
0.0000000e+00
0.0000000e+00
0.0000000e+00
0.0000000e+00
0.0000000e+00
0.0000000e+00
0.0000000e+00
0.0000000e+00
0.0000000e+00
0.0000000e+00
0.0000000e+00
0.0000000e+00
0.0000000e+00
0.0000000e+00
0.0000000e+00
0.0000000e+00
0.0000000e+00
0.0000000e+00
0.0000000e+00
0.0000000e+00
0.0000000e+00
0.0000000e+00
0.0000000e+00
0.0000000e+00
0.0000000e+00
0.0000000e+00
0.0000000e+00
0.0000000e+00
0.0000000e+00
0.0000000e+00
0.0000000e+00
0.0000000e+00
0.0000000e+00
0.0000000e+00
0.0000000e+00
0.0000000e+00
0.0000000e+00
0.0000000e+00
0.0000000e+00
0.0000000e+00
0.0000000e+00
0.0000000e+00
0.0000000e+00
0.0000000e+00
0.0000000e+00
0.0000000e+00
0.0000000e+00
0.0000000e+00
0.0000000e+00
0.0000000e+00
0.0000000e+00
0.0000000e+00
0.0000000e+00
0.0000000e+00
0.0000000e+00
0.0000000e+00
0.0000000e+00
0.0000000e+00
0.0000000e+00
0.0000000e+00
0.0000000e+00
0.0000000e+00
0.0000000e+00
0.0000000e+00
0.0000000e+00
0.0000000e+00
0.0000000e+00
0.0000000e+00
0.0000000e+00
0.0000000e+00
0.0000000e+00
0.0000000e+00
0.0000000e+00
0.0000000e+00
0.0000000e+00
0.0000000e+00
0.0000000e+00
0.0000000e+00
0.0000000e+00
0.0000000e+00
0.0000000e+00
0.0000000e+00
0.0000000e+00
0.0000000e+00
0.0000000e+00
0.0000000e+00
0.0000000e+00
0.0000000e+00
0.0000000e+00
0.0000000e+00
0.0000000e+00
0.0000000e+00
0.0000000e+00
0.0000000e+00
0.0000000e+00
0.0000000e+00
0.0000000e+00
0.0000000e+00
0.0000000e+00
0.0000000e+00
0.0000000e+00
0.0000000e+00
0.0000000e+00
0.0000000e+00
0.0000000e+00
0.0000000e+00
0.0000000e+00
0.0000000e+00
0.0000000e+00
0.0000000e+00
0.0000000e+00
0.0000000e+00
0.0000000e+00
0.0000000e+00
0.0000000e+00
0.0000000e+00
0.0000000e+00
0.0000000e+00
0.0000000e+00
0.0000000e+00
0.0000000e+00
0.0000000e+00
0.0000000e+00
0.0000000e+00
0.0000000e+00
0.0000000e+00
0.0000000e+00
0.0000000e+00
0.0000000e+00
0.0000000e+00
0.0000000e+00
0.0000000e+00
0.0000000e+00
0.0000000e+00
0.0000000e+00
0.0000000e+00
0.0000000e+00
0.0000000e+00
0.0000000e+00
0.0000000e+00
0.0000000e+00
0.0000000e+00
0.0000000e+00
0.0000000e+00
0.0000000e+00
0.0000000e+00
0.0000000e+00
0.0000000e+00
0.0000000e+00
0.0000000e+00
0.0000000e+00
0.0000000e+00
0.0000000e+00
0.0000000e+00
0.0000000e+00
0.0000000e+00
0.0000000e+00
0.0000000e+00
0.0000000e+00
0.0000000e+00
0.0000000e+00
0.0000000e+00
0.0000000e+00
0.0000000e+00
0.0000000e+00
0.0000000e+00
0.0000000e+00
0.0000000e+00
0.0000000e+00
0.0000000e+00
0.0000000e+00
0.0000000e+00
0.0000000e+00
0.0000000e+00
0.0000000e+00
0.0000000e+00
0.0000000e+00
0.0000000e+00
0.0000000e+00
0.0000000e+00
0.0000000e+00
0.0000000e+00
0.0000000e+00
0.0000000e+00
0.0000000e+00
0.0000000e+00
0.0000000e+00
