1024.000000029802
3070.999999940395
6140.000000000000
10229.999999970198
15340.000000000000
21469.000000000000
28616.000000029802
36779.999999940395
45960.000000000000
56154.999999970198
67364.000000000000
79586.000000000000
92820.000000000000
107065.000000000000
122320.000000059605
138583.999999940395
155856.000000029802
174134.999999970198
193420.000000000000
213710.000000000000
235004.000000029802
257300.999999940395
280599.999999970198
304900.000000000000
330200.000000000000
356499.000000000000
383796.000000059605
412089.999999970198
441380.000000000000
471665.000000000000
502944.000000000000
535215.999999940395
568480.000000000000
602734.999999970198
637980.000000029802
674214.000000000000
711436.000000000000
749645.000000000000
788840.000000029802
829020.000000000000
870184.000000059605
912330.999999970198
955460.000000029802
999570.000000000000
1044660.000000000000
1090728.999999970198
1137776.000000000000
1185799.999999940395
1234800.000000059605
1284774.999999940395
1335724.000000059605
1387646.000000000000
1440540.000000000000
1494404.999999940395
1549240.000000000000
1605044.000000000000
1661816.000000029802
1719555.000000000000
1778260.000000059605
1837930.000000000000
1898563.999999970198
1960161.000000000000
2022720.000000000000
2086240.000000000000
2150720.000000027008
2216158.999999967869
2282555.999999998603
2349909.999999998603
2418220.000000027008
2487484.999999997672
2557704.000000055879
2628875.999999936204
2700999.999999968335
2774074.999999970198
2848099.999999996275
2923073.999999999534
2998995.999999996740
3075864.999999968335
3153680.000000054948
3232439.999999997206
3312144.000000056811
3392790.999999938533
3474380.000000027940
3556909.999999997206
3640380.000000058673
3724788.999999996275
3810135.999999996275
3896419.999999995343
3983640.000000057742
4071795.000000000000
4160884.000000056811
4250905.999999998137
4341859.999999967404
4433745.000000056811
4526559.999999995343
4620304.000000001863
4714975.999999997206
4810574.999999940395
4907100.000000026077
5004550.000000000000
5102923.999999996275
5202221.000000000000
5302439.999999996275
5403579.999999966472
5505640.000000055879
5608618.999999970198
5712516.000000026077
5817329.999999938533
5923059.999999996275
6029704.999999968335
6137264.000000026077
6245735.999999940395
6355120.000000000000
6465414.999999940395
6576619.999999996275
6688734.000000057742
6801755.999999996275
6915684.999999998137
7030519.999999966472
7146259.999999968335
7262904.000000027940
7380451.000000001863
7498900.000000117347
7618249.999999966472
7738500.000000000000
7859648.999999992549
7981696.000000001863
8104640.000000001863
8228480.000000024214
8353214.999999935739
8478844.000000026077
8605365.999999998137
8732779.999999992549
8861084.999999994412
8990280.000000052154
9120363.999999931082
9251336.000000024214
9383195.000000000000
9515940.000000022352
9649570.000000000000
9784083.999999992549
9919480.999999996275
10055760.000000022352
10192919.999999964610
10330960.000000052154
10469878.999999938533
10609675.999999994412
10750349.999999994412
10891899.999999996275
11034324.999999932945
11177623.999999962747
11321796.000000022352
11466840.000000026077
11612754.999999998137
11759539.999999992549
11907193.999999996275
12055715.999999998137
12205104.999999992549
12355359.999999992549
12506479.999999940395
12658464.000000022352
12811310.999999966472
12965019.999999992549
13119590.000000026077
13275019.999999992549
13431308.999999996275
13588456.000000022352
13746459.999999962747
13905320.000000055879
14065034.999999940395
14225604.000000022352
14387025.999999998137
14549299.999999996275
14712424.999999970198
14876399.999999994412
15041223.999999938533
15206895.999999994412
15373414.999999938533
15540779.999999998137
15708989.999999996275
15878043.999999992549
16047940.999999992549
16218680.000000000000
16390259.999999996275
16562680.000000054017
16735938.999999998137
16910036.000000052154
17084969.999999936670
17260739.999999992549
17437345.000000022352
17614784.000000055879
17793055.999999992549
17972160.000000052154
18152094.999999962747
18332859.999999996275
18514453.999999996275
18696876.000000033528
18880124.999999977648
19064200.000000052154
19249099.999999973923
19434823.999999992549
19621370.999999970198
19808740.000000007451
19996929.999999985099
20185939.999999977648
20375768.999999992549
20566416.000000033528
20757879.999999992549
20950160.000000052154
21143254.999999966472
21337163.999999992549
21531885.999999973923
21727420.000000026077
21923764.999999973923
22120919.999999992549
22318883.999999959022
22517655.999999992549
22717235.000000000000
22917620.000000007451
23118809.999999996275
23320803.999999981374
23523600.999999992549
23727199.999999992549
23931599.999999985099
24136799.999999992549
24342798.999999962747
24549596.000000022352
24757190.000000011176
24965579.999999992549
25174764.999999985099
25384744.000000018626
25595515.999999973923
25807080.000000018626
26019434.999999955297
26232579.999999992549
26446513.999999985099
26661235.999999992549
26876744.999999970198
27093040.000000022352
27310119.999999940395
27527983.999999992549
27746630.999999970198
27966059.999999992549
28186270.000000022352
28407260.000000007451
28629028.999999966472
28851576.000000014901
29074899.999999981374
29299000.000000022352
29523874.999999970198
29749524.000000040978
29975945.999999996275
30203140.000000007451
30431105.000000007451
30659840.000000029802
30889343.999999973923
31119616.000000018626
31350654.999999962747
31582459.999999992549
31815029.999999981374
32048363.999999973923
32282460.999999988824
32517320.000000003725
32752939.999999925494
32989319.999999992549
33226458.999999970198
33464355.999999988824
33703009.999999985099
33942420.000000000000
34182584.999999992549
34423504.000000014901
34665175.999999962747
34907600.000000022352
35150774.999999977648
35394699.999999992549
35639373.999999977648
35884796.000000014901
36130964.999999940395
36377879.999999955297
36625539.999999992549
36873944.000000007451
37123091.000000000000
37372980.000000014901
37623609.999999977648
37874979.999999970198
38127088.999999977648
38379936.000000007451
38633519.999999940395
38887840.000000007451
39142894.999999962747
39398683.999999992549
39655206.000000007451
39912459.999999992549
40170444.999999977648
40429159.999999985099
40688603.999999977648
40948776.000000000000
41209674.999999955297
41471299.999999992549
41733649.999999985099
41996723.999999977648
42260520.999999970198
42525040.000000000000
42790279.999999955297
43056240.000000014901
43322918.999999955297
43590316.000000014901
43858429.999999992549
44127259.999999977648
44396804.999999955297
44667063.999999985099
44938036.000000014901
45209720.000000029802
45482114.999999985099
45755220.000000029802
46029033.999999970198
46303555.999999985099
46578785.000000007451
46854720.000000014901
47131359.999999985099
47408704.000000029802
47686750.999999992549
47965500.000000022352
48244950.000000022352
48525100.000000014901
48805948.999999985099
49087496.000000029802
49369739.999999985099
49652680.000000000000
49936314.999999977648
50220644.000000000000
50505666.000000000000
50791379.999999985099
51077784.999999985099
51364880.000000007451
51652664.000000000000
51941136.000000029802
52230294.999999977648
52520140.000000022352
52810669.999999985099
53101884.000000014901
53393780.999999977648
53686360.000000000000
53979619.999999985099
54273560.000000000000
54568179.000000000000
54863476.000000014901
55159450.000000007451
55456099.999999992549
55753424.999999985099
56051424.000000000000
56350096.000000000000
56649440.000000000000
56949454.999999985099
57250140.000000014901
57551494.000000014901
57853515.999999985099
58156204.999999985099
58459560.000000007451
58763579.999999985099
59068264.000000014901
59373610.999999962747
59679619.999999977648
59986290.000000000000
60293620.000000000000
60601609.000000000000
60910256.000000007451
61219559.999999970198
61529519.999999992549
61840135.000000000000
62151403.999999985099
62463326.000000014901
62775900.000000014901
63089124.999999992549
63403000.000000007451
63717524.000000000000
64032695.999999992549
64348514.999999992549
64664980.000000022352
64982089.999999992549
65299844.000000014901
65618241.000000000000
65937280.000000014901
66256959.999999985099
66577279.999999992549
66898238.999999970198
67219836.000000000000
67542070.000000000000
67864940.000000000000
68188444.999999970198
68512584.000000000000
68837355.999999970198
69162760.000000000000
69488795.000000000000
69815459.999999985099
70142754.000000000000
70470675.999999985099
70799224.999999985099
71128399.999999985099
71458199.999999970198
71788624.000000014901
72119670.999999970198
72451340.000000000000
72783629.999999985099
73116540.000000000000
73450068.999999955297
73784215.999999985099
74118979.999999985099
74454359.999999985099
74790355.000000000000
75126963.999999985099
75464185.999999985099
75802020.000000000000
76140464.999999985099
76479519.999999985099
76819183.999999985099
77159455.999999985099
77500334.999999970198
77841819.999999985099
78183910.000000000000
78526603.999999985099
78869900.999999985099
79213800.000000000000
79558299.999999970198
79903399.999999985099
80249098.999999970198
80595395.999999985099
80942289.999999985099
81289779.999999985099
81637865.000000000000
81986543.999999970198
82335815.999999970198
82685679.999999985099
83036134.999999985099
83387180.000000000000
83738813.999999985099
84091035.999999985099
84443844.999999970198
84797240.000000000000
85151220.000000000000
85505784.000000000000
85860930.999999985099
86216660.000000014901
86572969.999999970198
86929859.999999970198
87287329.000000000000
87645376.000000014901
88003999.999999970198
88363199.999999985099
88722974.999999985099
89083323.999999985099
89444246.000000000000
89805739.999999985099
90167804.999999985099
90530439.999999985099
90893643.999999985099
91257415.999999985099
91621755.000000000000
91986659.999999985099
92352130.000000000000
92718163.999999985099
93084760.999999985099
93451919.999999985099
93819639.999999985099
94187920.000000000000
94556758.999999985099
94926155.999999985099
95296109.999999985099
95666619.999999985099
96037684.999999970198
96409303.999999985099
96781475.999999985099
97154199.999999985099
97527475.000000000000
97901299.999999985099
98275673.999999985099
98650596.000000000000
99026064.999999985099
99402079.999999970198
99778640.000000000000
100155743.999999970198
100533390.999999985099
100911579.999999985099
101290309.999999985099
101669579.999999985099
102049388.999999985099
102429735.999999970198
102810619.999999985099
103192039.999999970198
103573994.999999985099
103956483.999999970198
104339506.000000000000
104723059.999999985099
105107145.000000000000
105491759.999999985099
105876903.999999970198
106262575.999999970198
106648775.000000000000
107035499.999999985099
107422749.999999985099
107810523.999999970198
108198820.999999985099
108587640.000000000000
108976980.000000000000
109366839.999999970198
109757218.999999985099
110148116.000000000000
110539530.000000000000
110931459.999999970198
111323904.999999985099
111716863.999999985099
112110335.999999970198
112504319.999999985099
112898814.999999985099
113293819.999999985099
113689334.000000000000
114085355.999999985099
114481884.999999985099
114878919.999999985099
115276459.999999985099
115674503.999999985099
116073051.000000000000
116472099.999999985099
116871650.000000000000
117271699.999999970198
117672248.999999985099
118073295.999999970198
118474839.999999985099
118876879.999999985099
119279414.999999985099
119682443.999999985099
120085965.999999985099
120489979.999999985099
120894484.999999970198
121299479.999999970198
121704963.999999985099
122110935.999999985099
122517395.000000000000
122924339.999999970198
123331769.999999985099
123739684.000000000000
124148080.999999985099
124556959.999999970198
124966320.000000000000
125376159.999999970198
125786478.999999985099
126197275.999999985099
126608549.999999985099
127020299.999999985099
127432524.999999985099
127845223.999999970198
128258395.999999970198
128672039.999999970198
129086155.000000000000
129500739.999999985099
129915794.000000000000
130331315.999999985099
130747305.000000000000
131163759.999999985099
131580680.000000000000
131998063.999999970198
132415911.000000000000
132834219.999999985099
133252989.999999985099
133672219.999999970198
134091908.999999985099
134512056.000000000000
134932660.000000000000
135353719.999999970198
135775235.000000000000
136197204.000000000000
136619626.000000000000
137042499.999999970198
137465825.000000000000
137889599.999999970198
138313823.999999970198
138738496.000000000000
139163615.000000000000
139589180.000000000000
140015190.000000000000
140441643.999999970198
140868540.999999970198
141295880.000000000000
141723659.999999970198
142151880.000000000000
142580539.000000000000
143009635.999999970198
143439170.000000000000
143869139.999999970198
144299545.000000000000
144730383.999999970198
145161655.999999970198
145593359.999999970198
146025495.000000000000
146458060.000000000000
146891054.000000000000
147324476.000000000000
147758324.999999970198
148192599.999999970198
148627299.999999970198
149062424.000000000000
149497971.000000000000
149933939.999999970198
150370330.000000000000
150807140.000000000000
151244368.999999970198
151682015.999999970198
152120080.000000000000
152558559.999999970198
152997455.000000000000
153436764.000000000000
153876486.000000000000
154316620.000000000000
154757165.000000000000
155198119.999999970198
155639483.999999970198
156081255.999999970198
156523435.000000000000
156966019.999999970198
157409010.000000000000
157852404.000000000000
158296201.000000000000
158740400.000000000000
159185000.000000000000
159629999.999999970198
160075399.000000000000
160521196.000000000000
160967390.000000000000
161413979.999999970198
161860965.000000000000
162308344.000000000000
162756116.000000000000
163204279.999999970198
163652835.000000000000
164101780.000000000000
164551114.000000000000
165000835.999999970198
165450944.999999970198
165901440.000000000000
166352319.999999970198
166803584.000000000000
167255231.000000000000
167707260.000000000000
168159670.000000000000
168612459.999999970198
169065628.999999970198
169519176.000000000000
169973100.000000000000
170427400.000000000000
170882075.000000000000
171337124.000000000000
171792546.000000000000
172248339.999999970198
172704505.000000000000
173161039.999999970198
173617944.000000000000
174075215.999999940395
174532855.000000000000
174990860.000000000000
175449230.000000000000
175907964.000000000000
176367060.999999970198
176826519.999999970198
177286340.000000000000
177746519.999999970198
178207059.000000000000
178667955.999999970198
179129210.000000000000
179590820.000000000000
180052784.999999970198
180515103.999999970198
180977776.000000000000
181440799.999999970198
181904175.000000000000
182367900.000000000000
182831974.000000000000
183296395.999999970198
183761165.000000000000
184226279.999999970198
184691739.999999970198
185157543.999999970198
185623691.000000029802
186090180.000000000000
186557010.000000000000
187024180.000000000000
187491689.000000000000
187959536.000000000000
188427720.000000000000
188896239.999999970198
189365095.000000000000
189834284.000000000000
190303806.000000000000
190773659.999999970198
191243845.000000000000
191714360.000000000000
192185204.000000000000
192656375.999999970198
193127875.000000000000
193599699.999999970198
194071850.000000000000
194544323.999999970198
195017121.000000000000
195490239.999999940395
195963679.999999970198
196437439.999999940395
196911519.000000000000
197385915.999999970198
197860629.999999970198
198335659.999999940395
198811005.000000000000
199286663.999999940395
199762636.000000000000
200238920.000000000000
200715515.000000000000
201192420.000000000000
201669634.000000000000
202147155.999999970198
202624985.000000000000
203103119.999999940395
203581560.000000000000
204060303.999999940395
204539351.000000000000
205018699.999999970198
205498350.000000000000
205978299.999999970198
206458548.999999970198
206939095.999999970198
207419940.000000000000
207901080.000000000000
208382515.000000000000
208864243.999999940395
209346266.000000000000
209828580.000000000000
210311185.000000000000
210794079.999999970198
211277264.000000000000
211760735.999999970198
212244495.000000000000
212728539.999999970198
213212869.999999970198
213697484.000000000000
214182381.000000000000
214667559.999999940395
215153019.999999970198
215638759.999999940395
216124779.000000029802
216611076.000000000000
217097650.000000000000
217584500.000000000000
218071625.000000000000
218559024.000000000000
219046696.000000029802
219534639.999999970198
220022855.000000000000
220511340.000000000000
221000093.999999940395
221489115.999999940395
221978405.000000000000
222467960.000000000000
222957780.000000000000
223447864.000000000000
223938211.000000000000
224428819.999999970198
224919690.000000000000
225410819.999999940395
225902209.000000000000
226393855.999999970198
226885760.000000000000
227377919.999999970198
227870335.000000029802
228363004.000000000000
228855926.000000000000
229349100.000000000000
229842525.000000000000
230336200.000000000000
230830124.000000059605
231324296.000000000000
231818715.000000029802
232313380.000000000000
232808290.000000000000
233303444.000000000000
233798841.000000000000
234294479.999999940395
234790360.000000029802
235286479.999999970198
235782839.000000000000
236279436.000000000000
236776270.000000000000
237273340.000000000000
237770645.000000059605
238268184.000000000000
238765956.000000000000
239263960.000000000000
239762195.000000000000
240260659.999999940395
240759354.000000000000
241258276.000000029802
241757425.000000000000
242256799.999999970198
242756400.000000059605
243256224.000000000000
243756271.000000029802
244256540.000000000000
244757030.000000000000
245257740.000000000000
245758669.000000000000
246259815.999999970198
246761180.000000000000
247262760.000000000000
247764555.000000059605
248266564.000000000000
248768786.000000000000
249271220.000000000000
249773865.000000029802
250276720.000000000000
250779784.000000059605
251283055.999999940395
251786535.000000059605
252290220.000000000000
252794110.000000000000
253298204.000000000000
253802501.000000059605
254307000.000000000000
254811700.000000000000
255316599.999999970198
255821699.000000000000
256326995.999999970198
256832490.000000029802
257338180.000000000000
257844065.000000000000
258350144.000000000000
258856416.000000000000
259362879.999999940395
259869535.000000029802
260376380.000000000000
260883414.000000000000
261390635.999999940395
261898045.000000000000
262405639.999999940395
262913420.000000000000
263421384.000000000000
263929531.000000029802
264437860.000000000000
264946370.000000000000
265455060.000000000000
265963929.000000000000
266472975.999999940395
266982200.000000000000
267491599.999999940395
268001175.000000029802
268510924.000000000000
269020846.000000000000
269530939.999999940395
270041205.000000000000
270551640.000000000000
271062244.000000000000
271573016.000000000000
272083955.000000000000
272595060.000000000000
273106330.000000000000
273617764.000000000000
274129361.000000000000
274641120.000000000000
275153040.000000000000
275665120.000000000000
276177359.000000000000
276689755.999999940395
277202310.000000000000
277715020.000000000000
278227885.000000000000
278740903.999999940395
279254076.000000000000
279767399.999999940395
280280875.000000059605
280794500.000000000000
281308274.000000000000
281822196.000000000000
282336265.000000000000
282850479.999999940395
283364840.000000059605
283879344.000000000000
284393991.000000000000
284908780.000000000000
285423709.999999940395
285938780.000000000000
286453989.000000000000
286969336.000000000000
287484820.000000000000
288000439.999999940395
288516195.000000000000
289032083.999999940395
289548106.000000000000
290064260.000000000000
290580545.000000000000
291096959.999999940395
291613504.000000000000
292130176.000000000000
292646975.000000059605
293163900.000000000000
293680950.000000000000
294198124.000000000000
294715421.000000000000
295232839.999999940395
295750380.000000059605
296268040.000000000000
296785819.000000000000
297303716.000000000000
297821730.000000000000
298339860.000000000000
298858105.000000000000
299376464.000000000000
299894936.000000000000
300413519.999999940395
300932215.000000059605
301451020.000000000000
301969934.000000000000
302488956.000000000000
303008085.000000059605
303527320.000000000000
304046660.000000000000
304566104.000000000000
305085651.000000000000
305605300.000000000000
306125050.000000000000
306644900.000000000000
307164849.000000000000
307684896.000000000000
308205040.000000059605
308725280.000000000000
309245615.000000000000
309766044.000000000000
310286566.000000000000
310807180.000000000000
311327885.000000000000
311848680.000000000000
312369564.000000000000
312890535.999999940395
313411595.000000059605
313932740.000000000000
314453970.000000000000
314975284.000000000000
315496681.000000000000
316018160.000000000000
316539720.000000059605
317061360.000000000000
317583079.000000059605
318104876.000000000000
318626750.000000000000
319148700.000000000000
319670725.000000000000
320192824.000000000000
320714996.000000000000
321237239.999999940395
321759555.000000000000
322281939.999999940395
322804394.000000059605
323326916.000000000000
323849505.000000000000
324372159.999999940395
324894880.000000000000
325417664.000000000000
325940511.000000000000
326463420.000000000000
326986390.000000000000
327509420.000000000000
328032509.000000000000
328555655.999999940395
329078860.000000059605
329602120.000000000000
330125435.000000000000
330648804.000000000000
331172226.000000000000
331695700.000000000000
332219225.000000000000
332742799.999999940395
333266424.000000000000
333790095.999999940395
334313815.000000059605
334837580.000000000000
335361390.000000000000
335885243.999999940395
336409141.000000000000
336933080.000000000000
337457060.000000000000
337981079.999999940395
338505139.000000000000
339029235.999999940395
339553370.000000000000
340077540.000000000000
340601744.999999940395
341125984.000000000000
341650256.000000000000
342174560.000000000000
342698895.000000059605
343223260.000000000000
343747654.000000000000
344272076.000000000000
344796525.000000000000
345321000.000000000000
345845500.000000000000
346370023.999999940395
346894571.000000000000
347419140.000000000000
347943730.000000059605
348468340.000000000000
348992969.000000000000
349517616.000000000000
350042280.000000059605
350566960.000000000000
351091655.000000059605
351616364.000000000000
352141085.999999940395
352665820.000000000000
353190565.000000000000
353715320.000000000000
354240084.000000000000
354764856.000000000000
355289635.000000000000
355814419.999999880791
356339210.000000000000
356864004.000000000000
357388801.000000000000
357913600.000000000000
358438400.000000000000
