0
0.112856384873482
0.332819544522987
0.535826794978997
0.786288432136619
0.947098304994744
0.992114701314478
0.837528040042142
0.414375580993284
-0.137790290684638
-0.728968627421411
-0.997158900260614
-0.754251380736104
-0.0627905195293133
0.745941145424183
0.984564334529205
0.368124552684676
-0.597904983057521
-0.979855052384246
-0.236498997023721
0.844327925502017
0.77846230156702
-0.448383216090038
-0.968583161128629
0.150225589120765
0.998736956606017
-0.0627905195293228
-0.997158900260613
0.199709980514418
0.94709830499474
-0.535826794979008
-0.693653305812795
0.915241172620922
0.0627905195293002
-0.920231847365865
0.762442511011458
0.125333233564287
-0.899405251566363
0.910105970685004
-0.260841506289917
-0.481753674101696
0.954864544746636
-0.938733857653883
0.535826794979019
-0.0251300954433656
-0.492727341548266
0.809016994374933
-0.979855052384242
0.993611310520012
-0.910105970685008
0.809016994374966
-0.675332808121048
0.607930297694633
-0.535826794979027
0.55687561648822
-0.5775727034223
0.684547105928719
-0.778462301567051
0.910105970685015
-0.984564334529214
0.982287250728679
-0.850994481794665
0.51443953378146
-0.0627905195292574
-0.503623201635811
0.899405251566398
-0.968583161128619
0.577572703422226
0.199709980514459
-0.850994481794721
0.92977648588823
-0.260841506289839
-0.702649969798894
0.968583161128615
-0.162637165194817
-0.83752804004218
0.770513242775743
0.379779095521871
-0.979855052384231
-0.0125660398834334
0.998026728428277
-0.137790290684553
-0.994951016981309
0.0627905195292217
0.996133609143164
0.23649899702382
-0.876306680043815
-0.69365330581288
0.414375580993187
0.998736956606023
0.425779291565174
-0.597904983057426
-0.999289472640594
-0.535826794979099
0.285019262469884
0.910105970684954
0.951056516295185
0.492727341548384
-0.112856384873373
-0.675332808120941
