82234,187500 
82664,429688 
73291,023438 
80367,046875 
85434,765625 
73677,835938 
77830,468750 
82887,828125 
78389,703125 
76310,632812 
82643,007812 
77870,765625 
77391,109375 
80635,617188 
81353,601562 
74946,476562 
79743,789062 
81913,664062 
79955,218750 
74706,843750 
80763,835938 
81237,359375 
79891,851562 
76355,750000 
79843,945312 
79825,562500 
79542,687500 
76522,234375 
79278,742188 
79418,179688 
81302,179688 
78109,507812 
78363,218750 
78187,132812 
82448,679688 
80512,625000 
78167,304688 
75742,750000 
80244,414062 
81809,953125 
81108,578125 
74957,523438 
77182,773438 
80554,593750 
84291,843750 
79092,179688 
75061,765625 
74370,781250 
82086,226562 
84807,742188 
83209,437500 
75202,468750 
73906,046875 
77006,437500 
85462,718750 
85662,101562 
82542,265625 
73488,421875 
72135,351562 
75065,015625 
84197,320312 
87173,171875 
87047,601562 
77891,375000 
72724,914062 
69061,125000 
77079,890625 
83028,640625 
90971,554688 
88972,250000 
89988,851562 
79562,101562 
71365,484375 
67386,250000 
75929,703125 
78815,062500 
89211,359375 
89245,593750 
92704,562500 
84057,343750 
80552,343750 
76133,117188 
68609,648438 
66498,906250 
69441,882812 
74263,093750 
81341,250000 
85622,476562 
91560,421875 
93104,531250 
95548,023438 
93091,335938 
91894,812500 
86617,375000 
83316,257812 
77302,609375 
72616,812500 
66989,750000 
67555,335938 
64451,675781 
64965,007812 
65011,585938 
68014,312500 
66757,226562 
69676,164062 
68914,250000 
73834,898438 
74784,117188 
80598,132812 
79420,242188 
82206,632812 
80748,375000 
81484,421875 
80033,945312 
82357,421875 
79353,414062 
80719,070312 
78914,593750 
80480,843750 
77835,390625 
79867,843750 
76860,914062 
79109,890625 
76241,070312 
79454,515625 
77767,382812 
79929,648438 
77902,585938 
80284,320312 
77349,492188 
78760,929688 
75140,015625 
78537,492188 
78459,093750 
85797,765625 
88421,039062 
92383,406250 
87368,726562 
82851,421875 
71874,546875 
68979,390625 
66777,046875 
79159,062500 
88067,367188 
96428,843750 
83416,531250 
65792,593750 
63512,125000 
91430,843750 
97348,953125 
83030,906250 
60422,191406 
77645,164062 
91933,921875 
89552,859375 
66728,625000 
79578,851562 
89627,390625 
77807,828125 
68098,617188 
92316,757812 
76928,585938 
74367,500000 
83949,429688 
78718,789062 
75423,757812 
86805,257812 
73629,781250 
85484,742188 
76146,625000 
81331,968750 
78912,921875 
79017,109375 
77927,179688 
81512,585938 
77060,351562 
83081,398438 
76390,210938 
83897,796875 
74642,601562 
83061,601562 
75008,328125 
82888,828125 
75531,265625 
82736,812500 
76131,148438 
83233,164062 
75145,359375 
83317,679688 
74054,757812 
84465,601562 
74576,093750 
85161,617188 
74270,304688 
84058,406250 
74678,781250 
85149,718750 
73475,132812 
86428,281250 
72458,203125 
86664,757812 
72495,437500 
86324,085938 
73272,343750 
87421,328125 
72099,484375 
87933,773438 
72342,390625 
87819,023438 
74987,703125 
86664,375000 
75794,820312 
85387,625000 
79125,921875 
83610,843750 
83615,046875 
78447,945312 
86995,171875 
75507,843750 
93479,968750 
68944,890625 
97001,281250 
63515,210938 
101128,789062 
59431,558594 
103160,679688 
54554,503906 
105604,390625 
53372,015625 
106295,765625 
52326,246094 
105755,718750 
61046,136719 
98142,578125 
75712,000000 
83137,804688 
95916,281250 
59803,664062 
105207,609375 
59626,062500 
96485,187500 
90015,453125 
64338,023438 
117839,546875 
39119,191406 
114602,320312 
75036,929688 
79131,578125 
107511,585938 
49744,800781 
98832,531250 
86959,062500 
60415,714844 
106852,023438 
62268,812500 
83940,578125 
93530,273438 
63658,203125 
88193,523438 
87439,773438 
65014,316406 
95081,578125 
70968,203125 
84105,101562 
80946,328125 
77801,859375 
81003,421875 
84966,375000 
65854,640625 
93866,281250 
79720,484375 
61540,421875 
101495,164062 
84652,859375 
51934,796875 
109408,273438 
91158,218750 
48684,261719 
96473,515625 
107392,445312 
51023,621094 
80755,203125 
106328,734375 
81750,507812 
53747,667969 
90655,648438 
107442,039062 
73099,750000 
53194,710938 
110058,687500 
98321,343750 
53648,152344 
72762,429688 
105166,937500 
85137,390625 
61121,507812 
80850,304688 
92875,773438 
70917,062500 
81311,382812 
85584,609375 
72622,476562 
71025,617188 
89844,195312 
84331,671875 
78462,835938 
71314,039062 
70225,062500 
89244,203125 
103574,562500 
80231,398438 
51797,890625 
68550,640625 
101034,960938 
110583,593750 
91597,414062 
45147,765625 
63487,996094 
98196,328125 
110869,960938 
90001,351562 
66318,085938 
61632,675781 
73378,968750 
81311,429688 
91763,210938 
89876,640625 
86936,039062 
73348,906250 
67278,515625 
71442,179688 
83405,953125 
84098,093750 
82580,335938 
75540,375000 
78529,562500 
89027,234375 
97499,078125 
82377,085938 
65838,093750 
58328,761719 
65313,839844 
76663,851562 
86410,804688 
88574,687500 
96408,234375 
95517,632812 
94063,437500 
88246,156250 
82900,781250 
68611,710938 
57902,097656 
47704,281250 
56186,589844 
70679,312500 
84133,781250 
88939,710938 
91639,851562 
85937,546875 
85841,914062 
80439,070312 
85705,867188 
90868,492188 
101466,046875 
105530,953125 
108650,132812 
103794,898438 
101910,476562 
93901,203125 
77278,812500 
60514,035156 
55985,011719 
49458,199219 
67245,710938 
78753,687500 
93024,585938 
97251,445312 
108188,375000 
112014,515625 
114161,976562 
114154,718750 
104660,773438 
99102,281250 
94645,578125 
91164,304688 
89265,031250 
84414,695312 
82283,140625 
77366,617188 
72240,531250 
60994,722656 
62353,835938 
62118,871094 
64925,488281 
68797,296875 
72505,789062 
76307,539062 
80607,375000 
78511,554688 
90775,828125 
89017,640625 
83061,554688 
81881,046875 
90531,312500 
89198,843750 
83024,835938 
85447,054688 
86302,000000 
78158,835938 
80168,585938 
82860,187500 
83962,312500 
78778,132812 
80257,289062 
75171,250000 
83240,937500 
87438,648438 
77221,070312 
78103,867188 
81687,273438 
82753,242188 
85079,007812 
76421,929688 
88030,007812 
84693,968750 
78187,203125 
87336,335938 
81918,109375 
84303,734375 
87588,718750 
76164,726562 
78285,070312 
78142,234375 
73680,625000 
70070,265625 
65422,804688 
66790,648438 
72771,695312 
71297,468750 
73599,453125 
74488,273438 
76230,726562 
80813,765625 
85199,375000 
88855,468750 
87153,671875 
82681,609375 
85365,375000 
86125,296875 
81868,406250 
74937,359375 
80131,953125 
74816,257812 
73070,960938 
73170,468750 
72343,914062 
71842,414062 
74815,140625 
74611,242188 
82946,742188 
76733,968750 
77165,531250 
79696,757812 
76826,492188 
76373,093750 
77637,593750 
77341,828125 
80176,367188 
77642,242188 
80139,046875 
82592,132812 
87086,406250 
81389,195312 
77969,125000 
79462,171875 
76104,257812 
67805,937500 
70558,546875 
75151,984375 
79600,203125 
77378,687500 
76678,718750 
76779,109375 
80300,875000 
75551,734375 
76576,414062 
78393,007812 
81209,648438 
80716,078125 
76861,234375 
76842,640625 
76915,859375 
75087,929688 
81623,398438 
81650,992188 
80222,046875 
72540,992188 
74089,125000 
74435,523438 
79901,468750 
75479,257812 
70720,015625 
79725,140625 
83352,015625 
74804,312500 
74858,078125 
80023,382812 
78338,234375 
76300,226562 
80730,812500 
85760,757812 
81752,890625 
78205,382812 
80694,593750 
78685,351562 
78321,031250 
69351,750000 
74224,296875 
70768,359375 
68090,242188 
71837,851562 
75493,859375 
76529,226562 
76814,960938 
78026,148438 
77827,101562 
81228,929688 
79003,601562 
78396,921875 
88923,898438 
88272,601562 
90049,539062 
90035,265625 
86198,632812 
75328,281250 
75661,054688 
82143,265625 
84971,429688 
84793,476562 
89092,257812 
89917,234375 
80504,132812 
67982,437500 
75763,750000 
75676,765625 
66823,445312 
50705,695312 
53668,015625 
70900,210938 
93869,343750 
89915,773438 
90423,367188 
94815,304688 
79602,695312 
66635,648438 
83499,960938 
97875,695312 
98008,843750 
86867,851562 
73888,859375 
83175,273438 
98726,125000 
102073,945312 
75617,539062 
59939,312500 
66709,757812 
73233,570312 
48518,968750 
53471,449219 
85029,335938 
79308,695312 
94722,687500 
128178,203125 
108994,304688 
59574,105469 
59078,546875 
60402,097656 
93587,695312 
115524,921875 
95829,234375 
73694,890625 
62113,339844 
77940,664062 
118902,585938 
83646,000000 
48829,539062 
59537,343750 
98582,914062 
69581,671875 
57139,394531 
101666,625000 
113980,718750 
58509,914062 
77670,148438 
88527,281250 
49795,558594 
90703,585938 
111670,718750 
64738,253906 
73916,078125 
86730,125000 
66441,304688 
101500,265625 
66962,609375 
75450,695312 
101739,851562 
70445,218750 
71052,132812 
79541,765625 
84884,851562 
70933,257812 
79481,164062 
82053,140625 
68217,460938 
64496,808594 
73541,335938 
64399,636719 
73708,500000 
74825,843750 
78377,804688 
76702,546875 
83451,476562 
82810,171875 
78457,625000 
81953,968750 
85607,609375 
82015,914062 
89965,718750 
83685,804688 
83659,320312 
80905,695312 
78300,890625 
83847,039062 
78312,289062 
70554,289062 
58386,968750 
65813,968750 
71854,015625 
74982,843750 
75307,148438 
64701,105469 
53464,722656 
66145,750000 
76368,625000 
76680,078125 
86706,468750 
104543,640625 
95797,984375 
91577,859375 
91580,476562 
87870,570312 
94570,414062 
94439,351562 
74993,007812 
53809,328125 
70544,757812 
67967,914062 
73544,968750 
47658,179688 
72029,742188 
95702,476562 
79590,656250 
52804,042969 
75380,500000 
77217,640625 
69550,281250 
97793,898438 
81466,507812 
82253,445312 
102286,562500 
87076,320312 
83631,757812 
85632,328125 
53244,082031 
61250,609375 
69988,937500 
46409,136719 
84625,507812 
107078,828125 
68177,796875 
104646,546875 
109377,507812 
80132,265625 
66120,765625 
42226,984375 
72156,203125 
71060,570312 
142846,187500 
120595,960938 
21835,320312 
77140,421875 
117052,640625 
105824,078125 
84619,734375 
65772,320312 
105232,773438 
102181,117188 
57370,210938 
73001,460938 
51177,589844 
98140,984375 
92422,070312 
86495,406250 
111416,296875 
108777,054688 
101662,851562 
137877,968750 
133631,468750 
92226,382812 
111304,453125 
86140,859375 
60106,296875 
36384,843750 
84604,687500 
117482,226562 
171083,875000 
209340,656250 
224078,156250 
203421,187500 
176169,875000 
158103,625000 
198518,906250 
254117,328125 
286475,593750 
273380,656250 
214742,640625 
134119,250000 
115969,250000 
169954,906250 
176923,843750 
152481,203125 
93192,765625 
49888,128906 
206934,125000 
346839,375000 
374014,312500 
247452,171875 
182560,250000 
230095,171875 
142264,000000 
66471,742188 
212919,046875 
164663,812500 
97184,304688 
205537,187500 
212146,078125 
240997,343750 
164662,421875 
85483,070312 
168269,093750 
121918,289062 
85257,695312 
139881,796875 
143183,062500 
120506,984375 
178649,046875 
181731,984375 
197874,828125 
128651,820312 
89217,031250 
248202,015625 
223703,546875 
118938,914062 
179241,859375 
237876,328125 
136369,531250 
63555,679688 
163598,921875 
71680,562500 
76093,398438 
81401,445312 
101191,492188 
86428,250000 
87780,921875 
144380,218750 
42337,757812 
198834,578125 
90045,273438 
147850,109375 
170482,875000 
30745,949219 
139923,656250 
63281,226562 
80756,960938 
91020,546875 
70267,828125 
96332,914062 
54229,296875 
85972,765625 
84610,414062 
62087,609375 
82975,914062 
65395,238281 
85574,421875 
78481,843750 
65977,000000 
84083,585938 
61152,097656 
81068,617188 
73610,335938 
78716,093750 
93474,757812 
77283,250000 
80986,085938 
82855,421875 
79668,218750 
85234,632812 
73715,140625 
72558,796875 
62703,812500 
74953,406250 
77527,445312 
68321,476562 
87598,406250 
94691,218750 
68832,093750 
80466,710938 
82876,742188 
76407,906250 
82924,289062 
77430,671875 
77137,132812 
82087,914062 
71161,765625 
76925,320312 
92289,429688 
84617,820312 
71332,070312 
82454,226562 
74179,320312 
61027,054688 
72057,171875 
70777,007812 
63641,640625 
72142,617188 
91532,375000 
90152,367188 
63197,152344 
62804,113281 
79334,710938 
80152,562500 
68131,640625 
77529,101562 
83178,960938 
77036,343750 
71507,210938 
84842,882812 
90570,445312 
84990,460938 
77177,992188 
76714,531250 
80163,953125 
78322,773438 
76406,437500 
87732,406250 
89235,953125 
76501,460938 
68242,125000 
67479,929688 
74350,476562 
87583,593750 
87205,515625 
67736,734375 
60711,296875 
73154,203125 
91671,968750 
80554,882812 
69272,531250 
84195,671875 
70983,429688 
69073,710938 
79592,039062 
74938,828125 
69542,875000 
81067,484375 
88861,023438 
82324,960938 
77426,648438 
79817,937500 
72011,445312 
83321,437500 
79901,906250 
79291,078125 
85362,890625 
77896,679688 
79835,093750 
77806,640625 
75153,742188 
79225,742188 
82043,875000 
89194,500000 
78514,812500 
82606,132812 
82455,031250 
82232,890625 
75544,554688 
69089,109375 
76576,257812 
59963,710938 
68375,257812 
72341,203125 
76897,398438 
78879,500000 
81114,554688 
85128,460938 
74367,226562 
73646,351562 
69318,937500 
71273,187500 
75019,648438 
82371,242188 
81472,015625 
75862,390625 
74790,382812 
77691,242188 
82376,164062 
78440,453125 
75077,804688 
75521,882812 
77546,421875 
80454,289062 
80435,953125 
79537,601562 
77230,867188 
78339,460938 
87266,484375 
84219,546875 
77081,273438 
72305,328125 
64344,632812 
64527,351562 
65338,375000 
56011,632812 
56047,468750 
52153,593750 
58045,218750 
70405,804688 
79987,187500 
87736,945312 
83430,500000 
87046,953125 
77295,226562 
63572,144531 
73624,726562 
82280,242188 
93067,210938 
94008,898438 
89553,695312 
85419,203125 
89868,078125 
109742,734375 
105168,781250 
87088,968750 
61358,035156 
45826,417969 
44627,871094 
34017,085938 
48908,078125 
79537,984375 
99294,218750 
100263,437500 
115346,570312 
110802,117188 
57107,574219 
41259,496094 
83280,335938 
117240,687500 
131756,765625 
95201,679688 
37211,968750 
72237,726562 
107941,328125 
108290,718750 
63015,117188 
51470,828125 
89990,929688 
96243,015625 
70484,898438 
59112,539062 
80124,250000 
94660,164062 
69525,007812 
76224,531250 
103486,898438 
76226,000000 
80105,281250 
111944,179688 
29365,769531 
111551,250000 
103814,476562 
55075,304688 
107400,765625 
55182,261719 
98662,226562 
87101,773438 
71292,695312 
87655,171875 
75691,984375 
89376,539062 
76250,414062 
88134,156250 
88471,960938 
80037,742188 
92186,539062 
82322,070312 
86481,046875 
85739,140625 
87748,734375 
92425,828125 
85558,742188 
92740,070312 
89537,289062 
86008,546875 
81948,960938 
67637,343750 
65144,253906 
58730,953125 
48693,753906 
54193,195312 
73087,320312 
93830,000000 
110639,718750 
114994,234375 
101540,312500 
81617,601562 
59036,070312 
61596,593750 
84672,687500 
106098,328125 
96769,218750 
61774,554688 
55718,148438 
82264,945312 
101223,210938 
68235,476562 
60517,253906 
66829,570312 
99053,640625 
80610,687500 
53945,714844 
78421,015625 
95310,421875 
76697,320312 
72046,570312 
77831,132812 
34016,218750 
35745,816406 
63281,976562 
72872,242188 
130371,945312 
143241,406250 
115780,546875 
116842,328125 
76945,632812 
66291,570312 
75095,750000 
69458,617188 
101339,953125 
113264,820312 
102724,250000 
52240,785156 
60788,011719 
132847,828125 
149319,609375 
102090,750000 
38064,800781 
93519,414062 
103214,171875 
38670,769531 
42906,132812 
72305,820312 
54281,164062 
16409,634766 
75309,375000 
119865,726562 
73914,101562 
101298,976562 
143781,390625 
100688,000000 
137595,187500 
171811,437500 
102311,101562 
37624,875000 
22938,312500 
42751,304688 
44888,105469 
67599,078125 
170997,281250 
179758,671875 
161630,500000 
181131,515625 
156377,296875 
145398,343750 
177282,671875 
171947,671875 
81843,523438 
78690,695312 
193185,406250 
235598,921875 
168846,140625 
66607,031250 
167250,921875 
175258,484375 
51339,937500 
108827,437500 
168744,796875 
124378,773438 
151208,203125 
190618,031250 
142503,250000 
46303,285156 
74745,875000 
95749,484375 
122648,484375 
116363,406250 
8004,637695 
110784,085938 
113530,812500 
26020,781250 
105684,625000 
56028,363281 
116250,382812 
160886,625000 
47143,386719 
110947,265625 
55593,199219 
121775,812500 
99199,804688 
78161,054688 
157432,218750 
65833,750000 
111996,101562 
88099,476562 
65701,367188 
72114,476562 
53375,285156 
101539,617188 
92779,929688 
92433,796875 
66415,867188 
100527,632812 
116966,718750 
96862,054688 
49104,402344 
58934,539062 
106425,476562 
88502,210938 
49372,480469 
85419,906250 
86690,117188 
39076,410156 
74892,976562 
113037,531250 
81417,093750 
61873,742188 
92673,718750 
80846,070312 
68937,601562 
110915,984375 
84326,062500 
75019,187500 
93882,937500 
50031,308594 
72883,203125 
65840,078125 
90297,781250 
89628,257812 
70543,679688 
101739,382812 
74150,937500 
99996,265625 
98502,257812 
67734,335938 
93904,906250 
48593,117188 
109915,132812 
119544,640625 
70771,734375 
59609,398438 
102375,218750 
121867,710938 
72738,398438 
53492,605469 
95315,984375 
90518,414062 
62441,578125 
84371,539062 
75940,921875 
69751,093750 
112477,859375 
71223,750000 
54837,585938 
109137,929688 
97072,640625 
68031,195312 
81420,398438 
111370,007812 
68985,335938 
78368,312500 
93401,023438 
72593,835938 
73132,679688 
84914,351562 
89266,812500 
76794,976562 
81901,929688 
80468,546875 
79785,046875 
85360,093750 
75510,726562 
78738,351562 
83339,906250 
70514,515625 
87537,414062 
81500,921875 
77851,000000 
78841,078125 
76804,132812 
81767,226562 
80568,140625 
83385,898438 
73077,468750 
79552,750000 
85338,601562 
74026,296875 
77138,679688 
81787,851562 
85519,500000 
83878,929688 
79444,429688 
78526,132812 
84700,382812 
83200,078125 
79695,054688 
83489,523438 
82313,226562 
82707,703125 
77042,906250 
77724,257812 
81650,843750 
81534,265625 
83326,812500 
82670,382812 
85461,117188 
83001,304688 
83562,976562 
84048,007812 
80281,250000 
85432,757812 
80801,750000 
78477,328125 
84010,656250 
77020,468750 
78234,398438 
79151,781250 
81896,984375 
83199,250000 
78180,953125 
82644,281250 
82987,210938 
80102,289062 
82020,828125 
80822,648438 
79867,828125 
79253,890625 
81770,179688 
83618,765625 
81489,523438 
77941,250000 
75414,539062 
80252,148438 
79789,445312 
80689,007812 
82982,468750 
81431,703125 
82907,460938 
81444,710938 
84294,031250 
83298,023438 
85259,789062 
87351,109375 
85731,210938 
84686,414062 
82960,039062 
83161,648438 
82144,507812 
83276,476562 
82608,960938 
79375,664062 
80723,851562 
81499,062500 
80468,859375 
81853,789062 
82774,656250 
83009,867188 
79800,070312 
77656,335938 
79662,367188 
79605,007812 
78382,617188 
78164,781250 
79678,359375 
81562,820312 
81273,804688 
81897,273438 
83032,062500 
81194,812500 
79422,453125 
80015,328125 
79459,914062 
79228,164062 
78749,742188 
79398,781250 
81220,757812 
81096,242188 
81652,000000 
81463,437500 
81674,382812 
83999,507812 
81793,898438 
79975,703125 
81086,398438 
80777,820312 
79627,929688 
80318,257812 
82957,609375 
81249,882812 
77135,281250 
79298,117188 
79847,632812 
79232,382812 
80604,687500 
80132,617188 
76487,171875 
79098,218750 
79987,601562 
77721,101562 
80164,179688 
79234,890625 
77928,539062 
79299,382812 
77727,757812 
76619,406250 
76479,656250 
79472,250000 
78331,023438 
78068,554688 
78796,375000 
74712,453125 
75873,937500 
79788,218750 
78972,765625 
75977,148438 
77616,335938 
77678,578125 
76951,375000 
79483,085938 
81041,710938 
79982,421875 
77912,273438 
79943,171875 
78381,710938 
77242,468750 
77869,820312 
76526,507812 
81267,960938 
79202,875000 
76404,820312 
79857,617188 
77310,570312 
77766,343750 
78296,062500 
78208,257812 
77117,882812 
77568,148438 
79043,500000 
79039,304688 
79141,273438 
77100,773438 
77465,023438 
80151,710938 
76860,492188 
79014,812500 
78427,468750 
79053,296875 
79464,562500 
77033,796875 
79674,781250 
79052,250000 
78119,484375 
75879,796875 
77975,281250 
79807,773438 
77215,218750 
78865,359375 
76497,382812 
76737,570312 
77915,789062 
77353,695312 
79842,117188 
79983,820312 
77257,257812 
76398,898438 
79286,023438 
79708,976562 
76443,187500 
79393,804688 
77109,960938 
76983,851562 
79482,656250 
78170,390625 
78855,257812 
78501,187500 
78769,242188 
79643,320312 
76911,929688 
78257,617188 
77897,554688 
76159,609375 
76808,968750 
79221,367188 
78194,093750 
76915,414062 
78493,070312 
77697,875000 
79929,296875 
81200,742188 
79160,015625 
78147,710938 
78974,664062 
80198,046875 
76666,234375 
77951,039062 
78931,343750 
79224,523438 
79768,843750 
76041,265625 
76851,054688 
80298,734375 
79301,820312 
78615,492188 
76629,617188 
77281,351562 
78566,992188 
78712,234375 
76817,093750 
78921,914062 
79539,226562 
78233,757812 
79566,859375 
78753,023438 
78922,359375 
79353,328125 
78295,890625 
78599,632812 
78757,593750 
78974,398438 
78503,445312 
79081,578125 
77757,875000 
78440,187500 
80621,992188 
78097,578125 
79073,843750 
77374,843750 
77371,968750 
79903,914062 
76933,476562 
78228,578125 
78845,898438 
77693,898438 
80090,554688 
79442,125000 
78549,023438 
78988,562500 
79811,210938 
78008,007812 
77618,671875 
79642,437500 
78985,468750 
77524,609375 
76666,039062 
80621,078125 
79374,218750 
77530,125000 
78619,734375 
76204,070312 
78461,343750 
79735,242188 
79164,320312 
78606,281250 
78266,945312 
78783,539062 
78883,726562 
79940,484375 
77967,015625 
77806,937500 
80746,320312 
79118,460938 
79603,601562 
79946,484375 
77039,531250 
77686,210938 
79692,851562 
82064,015625 
78457,085938 
77814,078125 
78128,960938 
79445,593750 
79161,656250 
77731,476562 
79084,382812 
79553,398438 
78637,500000 
78550,750000 
78427,921875 
79208,718750 
77745,617188 
78639,851562 
80660,796875 
80134,093750 
79253,289062 
77597,937500 
79991,367188 
79988,000000 
78883,054688 
79367,726562 
78659,648438 
78532,882812 
79519,406250 
81796,937500 
77620,812500 
78595,828125 
79378,054688 
78589,632812 
80276,773438 
77020,789062 
77199,976562 
78567,195312 
78372,710938 
79833,539062 
77781,937500 
77492,687500 
78030,460938 
78726,640625 
78889,585938 
78462,570312 
78792,304688 
78762,375000 
78802,484375 
79267,984375 
78041,867188 
79359,554688 
77851,390625 
78750,570312 
78128,437500 
78847,804688 
78173,554688 
77568,453125 
77814,070312 
79648,765625 
79436,734375 
78096,171875 
78977,984375 
78896,000000 
78677,039062 
81215,789062 
78326,679688 
80969,921875 
78882,343750 
76626,132812 
80758,671875 
78354,156250 
77383,406250 
77767,554688 
78557,289062 
79739,140625 
78481,625000 
80087,984375 
78846,937500 
78995,882812 
80158,203125 
80644,984375 
79081,359375 
78938,921875 
80300,796875 
77976,000000 
78716,484375 
80213,164062 
77650,851562 
79000,796875 
77381,468750 
79137,734375 
79376,054688 
78071,078125 
77732,742188 
79487,757812 
81505,031250 
78138,375000 
77573,203125 
79756,226562 
78502,187500 
78256,289062 
80006,070312 
80630,570312 
78074,320312 
78575,781250 
78994,156250 
78407,843750 
79765,875000 
78763,476562 
78596,312500 
78542,648438 
78628,453125 
78869,976562 
78509,906250 
79906,671875 
79109,312500 
78865,992188 
79029,648438 
79105,796875 
78973,484375 
78121,429688 
79864,585938 
79382,687500 
77404,906250 
78770,726562 
79433,515625 
78240,398438 
77824,695312 
79960,265625 
78467,031250 
76834,375000 
79699,687500 
78587,601562 
78063,875000 
79724,593750 
78672,437500 
77997,617188 
78935,906250 
79040,007812 
77515,859375 
80170,906250 
79100,125000 
77683,007812 
79320,828125 
78358,492188 
78518,820312 
78554,703125 
77956,492188 
77676,226562 
77260,164062 
79143,867188 
78533,296875 
79357,929688 
78534,218750 
79067,757812 
78332,921875 
77288,367188 
81126,203125 
79567,937500 
78901,359375 
79140,437500 
77863,914062 
80115,796875 
78563,937500 
78714,046875 
78424,398438 
77189,984375 
79058,203125 
80078,859375 
78515,695312 
78249,898438 
80192,265625 
79165,414062 
77904,750000 
79972,507812 
78766,609375 
79563,609375 
79153,164062 
79229,578125 
79883,046875 
77902,992188 
79058,234375 
79953,140625 
79608,453125 
78078,007812 
78146,828125 
79234,796875 
78467,335938 
80098,960938 
78790,468750 
78912,742188 
78140,492188 
78875,375000 
80358,265625 
79006,195312 
79245,070312 
80701,132812 
78502,765625 
78911,343750 
79069,476562 
80216,343750 
78608,156250 
77629,750000 
78477,867188 
78819,648438 
78697,929688 
78006,117188 
79148,093750 
79770,039062 
78614,429688 
79343,796875 
78465,546875 
79309,632812 
78102,304688 
79421,593750 
79740,484375 
78525,132812 
79506,570312 
78517,632812 
77629,804688 
79768,679688 
78130,835938 
77788,960938 
78314,390625 
79639,546875 
77295,187500 
78958,320312 
78922,039062 
77930,421875 
79399,296875 
80442,968750 
77207,000000 
77421,812500 
80496,007812 
79252,382812 
78807,617188 
81557,968750 
77642,664062 
78599,585938 
79227,734375 
78299,898438 
78652,218750 
79366,093750 
78743,406250 
78018,820312 
79373,031250 
79091,757812 
76940,023438 
74995,843750 
66736,640625 
58875,203125 
52792,820312 
55201,316406 
62717,789062 
69760,570312 
76738,226562 
75363,718750 
70240,906250 
62822,515625 
55462,003906 
58006,101562 
64747,957031 
73833,296875 
75635,343750 
71943,492188 
61152,039062 
56932,007812 
61326,718750 
66515,867188 
74590,468750 
73576,960938 
62855,812500 
57924,417969 
60605,285156 
69859,500000 
72248,593750 
70444,648438 
62130,449219 
58220,292969 
66086,601562 
73040,890625 
71145,398438 
61751,062500 
59133,867188 
67453,570312 
71776,890625 
68152,625000 
60056,460938 
62506,203125 
70678,148438 
70524,828125 
63364,117188 
60658,046875 
67316,921875 
70244,421875 
66646,492188 
60175,609375 
64224,519531 
73646,117188 
65374,640625 
58849,054688 
67268,648438 
70573,765625 
63837,335938 
61076,605469 
69004,250000 
69485,789062 
61266,234375 
62399,328125 
70623,554688 
68474,210938 
60063,367188 
67576,195312 
69374,546875 
62748,183594 
64786,855469 
70512,617188 
64366,371094 
60920,730469 
70949,148438 
65285,718750 
59764,945312 
70727,234375 
65718,273438 
60226,484375 
70106,710938 
69083,187500 
59769,742188 
67377,867188 
67716,093750 
61443,562500 
69394,851562 
64942,023438 
60753,640625 
72669,445312 
63263,917969 
63139,914062 
69230,085938 
61711,363281 
67424,468750 
67593,640625 
62591,308594 
69866,328125 
63617,398438 
65663,281250 
67898,695312 
61605,648438 
69824,125000 
64261,371094 
62647,308594 
69912,906250 
62896,464844 
69414,648438 
63045,324219 
66451,390625 
67921,312500 
62692,789062 
69851,562500 
60705,296875 
68553,140625 
66648,562500 
66185,867188 
65891,835938 
63464,851562 
69374,437500 
62273,808594 
68202,859375 
60761,937500 
71188,039062 
64157,089844 
68216,492188 
62501,753906 
69844,476562 
64698,593750 
65753,539062 
66277,789062 
66377,250000 
66824,320312 
63485,843750 
67682,718750 
63438,128906 
69619,984375 
65913,593750 
66958,593750 
64653,882812 
68106,187500 
66637,796875 
65371,949219 
66473,015625 
67739,093750 
68323,031250 
63688,480469 
68433,992188 
63257,488281 
71928,156250 
61565,109375 
70784,343750 
63658,382812 
69220,585938 
63387,449219 
67420,148438 
67684,093750 
63187,878906 
72337,546875 
61866,371094 
69523,234375 
63773,906250 
67246,750000 
68303,179688 
63154,382812 
70609,757812 
62018,183594 
69220,625000 
67333,093750 
63534,292969 
69793,468750 
62408,585938 
69584,109375 
67301,304688 
62931,988281 
71236,703125 
63230,812500 
66475,398438 
70456,664062 
62496,828125 
68618,953125 
66986,226562 
63717,164062 
70144,695312 
64494,203125 
64987,910156 
69814,109375 
62216,765625 
66065,265625 
70747,750000 
62232,351562 
65728,507812 
70423,851562 
63172,968750 
65952,195312 
69454,640625 
61915,285156 
65398,183594 
72014,328125 
64802,148438 
62994,976562 
70678,078125 
67085,929688 
62075,289062 
68834,406250 
69192,148438 
62242,453125 
66239,656250 
71710,820312 
65353,503906 
61450,863281 
68954,679688 
69810,906250 
62408,925781 
64163,597656 
71561,570312 
68429,648438 
60410,035156 
64914,535156 
72727,335938 
68814,929688 
59928,683594 
63296,761719 
72099,890625 
70635,812500 
61534,136719 
60900,871094 
69707,835938 
72721,562500 
65873,726562 
60226,660156 
65267,296875 
71890,414062 
70342,335938 
62943,281250 
60916,976562 
67793,781250 
73421,812500 
70604,046875 
62431,035156 
59326,890625 
65616,757812 
72894,593750 
73217,015625 
66459,796875 
59561,457031 
60802,812500 
68474,859375 
74163,093750 
73131,984375 
65992,578125 
58663,191406 
58563,339844 
65623,179688 
73278,164062 
76094,601562 
72586,710938 
64841,828125 
57934,308594 
57313,398438 
63361,578125 
71344,203125 
76583,187500 
76891,765625 
72169,617188 
64446,085938 
57174,800781 
54292,613281 
57949,589844 
65325,187500 
73029,406250 
78621,617188 
80565,265625 
78799,203125 
73541,851562 
66120,085938 
58171,757812 
51729,152344 
49295,964844 
51651,531250 
57841,933594 
65675,976562 
73711,390625 
80704,046875 
86089,031250 
89708,914062 
91326,562500 
91220,679688 
89504,304688 
86413,468750 
81965,507812 
76473,296875 
70183,367188 
63364,308594 
56039,523438 
48455,394531 
40473,312500 
32489,779297 
24457,013672 
16284,361328 
8199,086914 
