-1.559346e-18
-4.984112e-05
1.027593e-18
5.008029e-05
-4.916102e-19
-5.036482e-05
-5.006243e-20
5.069526e-05
5.989069e-19
-5.107212e-05
-1.156428e-18
5.149594e-05
-4.156370e-18
-5.196725e-05
3.633193e-18
5.248659e-05
-3.102176e-18
-5.305448e-05
2.561785e-18
5.367146e-05
-2.010459e-18
-5.433808e-05
1.446617e-18
5.505487e-05
-8.686527e-19
-5.582238e-05
2.749374e-19
5.664115e-05
3.361810e-19
-5.751174e-05
-9.663786e-19
5.843469e-05
-5.080615e-18
-5.941055e-05
4.521110e-18
6.043988e-05
-3.943466e-18
-6.152323e-05
3.345973e-18
6.266118e-05
-2.726901e-18
-6.385427e-05
2.084493e-18
6.510308e-05
-1.416967e-18
-6.640817e-05
7.225202e-19
6.777011e-05
6.781312e-22
-6.918947e-05
-7.544819e-19
7.066685e-05
1.540770e-18
-7.220281e-05
5.936889e-18
7.379794e-05
-5.264627e-18
-7.545282e-05
4.560920e-18
7.716805e-05
-3.823852e-18
-7.894421e-05
3.051487e-18
8.078192e-05
-2.241861e-18
-8.268175e-05
1.392982e-18
8.464434e-05
-5.028367e-19
-8.667027e-05
-4.306185e-19
8.876016e-05
1.409452e-18
-9.091465e-05
-2.435758e-18
9.313433e-05
-7.205464e-18
-9.541984e-05
6.341421e-18
9.777182e-05
-5.431049e-18
-1.001909e-04
4.472216e-18
1.026777e-04
-3.462764e-18
-1.052329e-04
2.400505e-18
1.078572e-04
-1.283226e-18
-1.105511e-04
1.086844e-19
1.133154e-04
1.125392e-18
-1.161507e-04
-2.421304e-18
1.190577e-04
3.781379e-18
-1.220371e-04
8.838503e-18
1.250896e-04
-7.694202e-18
-1.282158e-04
6.486997e-18
1.314165e-04
-5.214518e-18
-1.346923e-04
3.874365e-18
1.380441e-04
-2.464109e-18
-1.414725e-04
9.812892e-19
1.449782e-04
5.765877e-19
-1.485619e-04
-2.212046e-18
1.522246e-04
3.927641e-18
-1.559668e-04
1.222154e-17
1.597893e-04
-1.077705e-17
-1.636930e-04
9.253811e-18
1.676786e-04
-7.649236e-18
-1.717469e-04
5.960688e-18
1.758987e-04
-4.185498e-18
-1.801348e-04
2.320961e-18
1.844561e-04
-3.643400e-19
-1.888633e-04
-1.687141e-18
1.933574e-04
3.836292e-18
-1.979392e-04
-6.085962e-18
2.026096e-04
-1.486429e-17
-2.073694e-04
1.295113e-17
2.122195e-04
-1.093900e-17
-2.171610e-04
8.825001e-18
2.221946e-04
-6.606191e-18
-2.273213e-04
4.279590e-18
2.325422e-04
-1.842179e-18
-2.378581e-04
-7.091034e-19
2.432700e-04
3.377362e-18
-2.487790e-04
-6.165743e-18
2.543861e-04
-2.016586e-17
-2.600924e-04
1.778201e-17
2.658988e-04
-1.527978e-17
-2.718064e-04
1.265595e-17
2.778165e-04
-9.907282e-18
-2.839300e-04
7.030462e-18
2.901481e-04
-4.022145e-18
-2.964720e-04
8.789325e-19
3.029028e-04
2.402625e-18
-3.094419e-04
-5.826028e-18
3.160903e-04
9.394834e-18
-3.228494e-04
2.398005e-17
3.297205e-04
-2.089713e-17
-3.367048e-04
1.767075e-17
3.438037e-04
-1.429730e-17
-3.510185e-04
1.077308e-17
3.583507e-04
-7.094355e-18
-3.658017e-04
3.257315e-18
3.733730e-04
7.419088e-19
-3.810660e-04
1.697512e-17
3.888822e-04
-1.308750e-17
-3.968233e-04
9.032850e-18
4.048908e-04
-4.807117e-18
-4.130864e-04
4.061876e-19
4.214117e-04
-2.001977e-17
-4.298684e-04
1.574031e-17
4.384584e-04
-1.128049e-17
-4.471834e-04
6.636005e-18
4.560453e-04
-1.802470e-18
-4.650460e-04
-3.224589e-18
4.741873e-04
-1.876755e-17
-4.834714e-04
1.387154e-17
4.929003e-04
-8.776361e-18
-5.024759e-04
3.477325e-18
5.122006e-04
2.030365e-18
-5.220766e-04
2.220898e-17
5.321061e-04
-1.684374e-17
-5.422915e-04
1.126381e-17
5.526351e-04
-5.464140e-18
-5.631395e-04
-5.604417e-19
5.738072e-04
6.815201e-18
-5.846409e-04
2.023896e-17
5.956431e-04
-1.413783e-17
-6.068168e-04
7.799845e-18
6.181647e-04
-1.219412e-18
-6.296899e-04
-5.609177e-18
6.413953e-04
-2.410393e-17
-6.532841e-04
1.744245e-17
6.653595e-04
-1.052559e-17
-6.776250e-04
3.347261e-18
6.900837e-04
4.098746e-18
-7.027394e-04
2.849127e-17
7.155957e-04
-2.122720e-17
-7.286564e-04
1.368759e-17
7.419253e-04
-5.865785e-18
-7.554065e-04
-2.245022e-18
7.691042e-04
-3.346069e-17
-7.830226e-04
2.554826e-17
7.971663e-04
-1.733822e-17
-8.115398e-04
8.823258e-18
8.261479e-04
4.127568e-21
-8.409955e-04
-9.151661e-18
8.560877e-04
-3.046993e-17
-8.714299e-04
2.153737e-17
8.870275e-04
-1.227481e-17
-9.028861e-04
2.673935e-18
9.190117e-04
7.273855e-18
-9.354104e-04
3.606653e-17
9.520886e-04
-2.635422e-17
-9.690526e-04
1.628406e-17
9.863095e-04
-5.846743e-18
-1.003866e-03
-4.967359e-18
1.021730e-03
1.616818e-17
-1.039909e-03
3.186955e-17
1.058411e-03
-2.092521e-17
-1.077244e-03
9.581354e-18
1.096416e-03
2.172873e-18
-1.115938e-03
-1.434872e-17
1.135817e-03
-3.817870e-17
-1.156064e-03
2.628580e-17
1.176689e-03
-1.395682e-17
-1.197703e-03
1.179362e-18
1.219115e-03
1.205942e-17
-1.240939e-03
4.539559e-17
1.263186e-03
-3.247048e-17
-1.285867e-03
1.906753e-17
1.308998e-03
-5.172520e-18
-1.332590e-03
-9.229376e-18
1.356660e-03
-5.365808e-17
-1.381220e-03
3.960586e-17
1.406288e-03
-2.502775e-17
-1.431879e-03
9.907203e-18
1.458011e-03
5.773059e-18
-1.484701e-03
-2.203108e-17
1.511969e-03
-4.784745e-17
-1.539835e-03
3.197784e-17
1.568319e-03
-1.550696e-17
-1.597443e-03
-1.585540e-18
1.627231e-03
-2.735824e-17
-1.657706e-03
9.833560e-18
1.688894e-03
-4.009291e-17
-1.720822e-03
2.212606e-17
1.753518e-03
-3.464137e-18
-1.787012e-03
3.535624e-17
1.821336e-03
-1.621371e-17
-1.856523e-03
-3.679826e-18
1.892608e-03
-2.996056e-17
-1.929629e-03
9.542496e-18
1.967625e-03
1.169004e-17
-2.006637e-03
2.382773e-17
2.046711e-03
-2.020115e-18
-2.087893e-03
3.926451e-17
2.130234e-03
-1.686568e-17
-2.173786e-03
-6.462633e-18
2.218606e-03
-3.294625e-17
-2.264755e-03
8.964901e-18
2.312296e-03
-5.037436e-17
-2.361299e-03
2.572062e-17
2.411837e-03
6.035570e-21
-2.463988e-03
4.393244e-17
2.517837e-03
-1.745658e-17
-2.573473e-03
-1.020653e-17
2.630994e-03
-3.649804e-17
-2.690504e-03
7.994180e-18
2.752114e-03
2.183205e-17
-2.815946e-03
2.791308e-17
2.882130e-03
2.864220e-18
-2.950806e-03
4.974561e-17
3.022128e-03
-1.798074e-17
-3.096260e-03
-1.536595e-17
3.173383e-03
-4.093138e-17
-3.253692e-03
6.452470e-18
3.337401e-03
-6.625743e-17
-3.424741e-03
3.059957e-17
3.515969e-03
6.990536e-18
-3.611362e-03
5.739706e-17
3.711228e-03
-1.843311e-17
-3.815906e-03
3.223396e-17
3.925768e-03
-4.683374e-17
-4.041228e-03
4.012938e-18
4.162743e-03
-1.863097e-17
-4.290825e-03
3.415837e-17
4.426041e-03
1.322709e-17
-4.569030e-03
2.268989e-18
4.720508e-03
-1.880931e-17
-4.881281e-03
3.649156e-17
5.052261e-03
-5.542640e-17
-5.234485e-03
-6.598553e-21
5.429136e-03
-1.896770e-17
-5.637566e-03
3.942309e-17
5.861334e-03
2.344777e-17
-6.102242e-03
-3.059418e-18
6.362389e-03
-1.910574e-17
-6.644227e-03
4.327476e-17
6.950648e-03
-6.971593e-17
-7.285080e-03
-7.321900e-18
7.651620e-03
-1.922312e-17
-8.055206e-03
4.863980e-17
8.501844e-03
-1.927397e-17
-8.998913e-03
-1.363318e-17
9.555579e-03
-1.931954e-17
-1.018338e-02
5.674472e-17
1.089702e-02
-1.935982e-17
-1.171559e-02
-2.386488e-17
1.266425e-02
-1.939478e-17
-1.377695e-02
7.060060e-17
1.510056e-02
-1.942440e-17
-1.670167e-02
1.943720e-17
1.867822e-02
-1.944865e-17
-2.118040e-02
1.945877e-17
2.445078e-02
-1.946753e-17
-2.890839e-02
1.947496e-17
3.534472e-02
-1.948103e-17
-4.545581e-02
1.948575e-17
6.365136e-02
-1.948913e-17
-1.061003e-01
1.949115e-17
3.183230e-01
3.183230e-01
1.949115e-17
-1.061003e-01
-1.948913e-17
6.365136e-02
1.948575e-17
-4.545581e-02
-1.948103e-17
3.534472e-02
1.947496e-17
-2.890839e-02
-1.946753e-17
2.445078e-02
1.945877e-17
-2.118040e-02
-1.944865e-17
1.867822e-02
1.943720e-17
-1.670167e-02
-1.942440e-17
1.510056e-02
7.060060e-17
-1.377695e-02
-1.939478e-17
1.266425e-02
-2.386488e-17
-1.171559e-02
-1.935982e-17
1.089702e-02
5.674472e-17
-1.018338e-02
-1.931954e-17
9.555579e-03
-1.363318e-17
-8.998913e-03
-1.927397e-17
8.501844e-03
4.863980e-17
-8.055206e-03
-1.922312e-17
7.651620e-03
-7.321900e-18
-7.285080e-03
-6.971593e-17
6.950648e-03
4.327476e-17
-6.644227e-03
-1.910574e-17
6.362389e-03
-3.059418e-18
-6.102242e-03
2.344777e-17
5.861334e-03
3.942309e-17
-5.637566e-03
-1.896770e-17
5.429136e-03
-6.598553e-21
-5.234485e-03
-5.542640e-17
5.052261e-03
3.649156e-17
-4.881281e-03
-1.880931e-17
4.720508e-03
2.268989e-18
-4.569030e-03
1.322709e-17
4.426041e-03
3.415837e-17
-4.290825e-03
-1.863097e-17
4.162743e-03
4.012938e-18
-4.041228e-03
-4.683374e-17
3.925768e-03
3.223396e-17
-3.815906e-03
-1.843311e-17
3.711228e-03
5.739706e-17
-3.611362e-03
6.990536e-18
3.515969e-03
3.059957e-17
-3.424741e-03
-6.625743e-17
3.337401e-03
6.452470e-18
-3.253692e-03
-4.093138e-17
3.173383e-03
-1.536595e-17
-3.096260e-03
-1.798074e-17
3.022128e-03
4.974561e-17
-2.950806e-03
2.864220e-18
2.882130e-03
2.791308e-17
-2.815946e-03
2.183205e-17
2.752114e-03
7.994180e-18
-2.690504e-03
-3.649804e-17
2.630994e-03
-1.020653e-17
-2.573473e-03
-1.745658e-17
2.517837e-03
4.393244e-17
-2.463988e-03
6.035570e-21
2.411837e-03
2.572062e-17
-2.361299e-03
-5.037436e-17
2.312296e-03
8.964901e-18
-2.264755e-03
-3.294625e-17
2.218606e-03
-6.462633e-18
-2.173786e-03
-1.686568e-17
2.130234e-03
3.926451e-17
-2.087893e-03
-2.020115e-18
2.046711e-03
2.382773e-17
-2.006637e-03
1.169004e-17
1.967625e-03
9.542496e-18
-1.929629e-03
-2.996056e-17
1.892608e-03
-3.679826e-18
-1.856523e-03
-1.621371e-17
1.821336e-03
3.535624e-17
-1.787012e-03
-3.464137e-18
1.753518e-03
2.212606e-17
-1.720822e-03
-4.009291e-17
1.688894e-03
9.833560e-18
-1.657706e-03
-2.735824e-17
1.627231e-03
-1.585540e-18
-1.597443e-03
-1.550696e-17
1.568319e-03
3.197784e-17
-1.539835e-03
-4.784745e-17
1.511969e-03
-2.203108e-17
-1.484701e-03
5.773059e-18
1.458011e-03
9.907203e-18
-1.431879e-03
-2.502775e-17
1.406288e-03
3.960586e-17
-1.381220e-03
-5.365808e-17
1.356660e-03
-9.229376e-18
-1.332590e-03
-5.172520e-18
1.308998e-03
1.906753e-17
-1.285867e-03
-3.247048e-17
1.263186e-03
4.539559e-17
-1.240939e-03
1.205942e-17
1.219115e-03
1.179362e-18
-1.197703e-03
-1.395682e-17
1.176689e-03
2.628580e-17
-1.156064e-03
-3.817870e-17
1.135817e-03
-1.434872e-17
-1.115938e-03
2.172873e-18
1.096416e-03
9.581354e-18
-1.077244e-03
-2.092521e-17
1.058411e-03
3.186955e-17
-1.039909e-03
1.616818e-17
1.021730e-03
-4.967359e-18
-1.003866e-03
-5.846743e-18
9.863095e-04
1.628406e-17
-9.690526e-04
-2.635422e-17
9.520886e-04
3.606653e-17
-9.354104e-04
7.273855e-18
9.190117e-04
2.673935e-18
-9.028861e-04
-1.227481e-17
8.870275e-04
2.153737e-17
-8.714299e-04
-3.046993e-17
8.560877e-04
-9.151661e-18
-8.409955e-04
4.127568e-21
8.261479e-04
8.823258e-18
-8.115398e-04
-1.733822e-17
7.971663e-04
2.554826e-17
-7.830226e-04
-3.346069e-17
7.691042e-04
-2.245022e-18
-7.554065e-04
-5.865785e-18
7.419253e-04
1.368759e-17
-7.286564e-04
-2.122720e-17
7.155957e-04
2.849127e-17
-7.027394e-04
4.098746e-18
6.900837e-04
3.347261e-18
-6.776250e-04
-1.052559e-17
6.653595e-04
1.744245e-17
-6.532841e-04
-2.410393e-17
6.413953e-04
-5.609177e-18
-6.296899e-04
-1.219412e-18
6.181647e-04
7.799845e-18
-6.068168e-04
-1.413783e-17
5.956431e-04
2.023896e-17
-5.846409e-04
6.815201e-18
5.738072e-04
-5.604417e-19
-5.631395e-04
-5.464140e-18
5.526351e-04
1.126381e-17
-5.422915e-04
-1.684374e-17
5.321061e-04
2.220898e-17
-5.220766e-04
2.030365e-18
5.122006e-04
3.477325e-18
-5.024759e-04
-8.776361e-18
4.929003e-04
1.387154e-17
-4.834714e-04
-1.876755e-17
4.741873e-04
-3.224589e-18
-4.650460e-04
-1.802470e-18
4.560453e-04
6.636005e-18
-4.471834e-04
-1.128049e-17
4.384584e-04
1.574031e-17
-4.298684e-04
-2.001977e-17
4.214117e-04
4.061876e-19
-4.130864e-04
-4.807117e-18
4.048908e-04
9.032850e-18
-3.968233e-04
-1.308750e-17
3.888822e-04
1.697512e-17
-3.810660e-04
7.419088e-19
3.733730e-04
3.257315e-18
-3.658017e-04
-7.094355e-18
3.583507e-04
1.077308e-17
-3.510185e-04
-1.429730e-17
3.438037e-04
1.767075e-17
-3.367048e-04
-2.089713e-17
3.297205e-04
2.398005e-17
-3.228494e-04
9.394834e-18
3.160903e-04
-5.826028e-18
-3.094419e-04
2.402625e-18
3.029028e-04
8.789325e-19
-2.964720e-04
-4.022145e-18
2.901481e-04
7.030462e-18
-2.839300e-04
-9.907282e-18
2.778165e-04
1.265595e-17
-2.718064e-04
-1.527978e-17
2.658988e-04
1.778201e-17
-2.600924e-04
-2.016586e-17
2.543861e-04
-6.165743e-18
-2.487790e-04
3.377362e-18
2.432700e-04
-7.091034e-19
-2.378581e-04
-1.842179e-18
2.325422e-04
4.279590e-18
-2.273213e-04
-6.606191e-18
2.221946e-04
8.825001e-18
-2.171610e-04
-1.093900e-17
2.122195e-04
1.295113e-17
-2.073694e-04
-1.486429e-17
2.026096e-04
-6.085962e-18
-1.979392e-04
3.836292e-18
1.933574e-04
-1.687141e-18
-1.888633e-04
-3.643400e-19
1.844561e-04
2.320961e-18
-1.801348e-04
-4.185498e-18
1.758987e-04
5.960688e-18
-1.717469e-04
-7.649236e-18
1.676786e-04
9.253811e-18
-1.636930e-04
-1.077705e-17
1.597893e-04
1.222154e-17
-1.559668e-04
3.927641e-18
1.522246e-04
-2.212046e-18
-1.485619e-04
5.765877e-19
1.449782e-04
9.812892e-19
-1.414725e-04
-2.464109e-18
1.380441e-04
3.874365e-18
-1.346923e-04
-5.214518e-18
1.314165e-04
6.486997e-18
-1.282158e-04
-7.694202e-18
1.250896e-04
8.838503e-18
-1.220371e-04
3.781379e-18
1.190577e-04
-2.421304e-18
-1.161507e-04
1.125392e-18
1.133154e-04
1.086844e-19
-1.105511e-04
-1.283226e-18
1.078572e-04
2.400505e-18
-1.052329e-04
-3.462764e-18
1.026777e-04
4.472216e-18
-1.001909e-04
-5.431049e-18
9.777182e-05
6.341421e-18
-9.541984e-05
-7.205464e-18
9.313433e-05
-2.435758e-18
-9.091465e-05
1.409452e-18
8.876016e-05
-4.306185e-19
-8.667027e-05
-5.028367e-19
8.464434e-05
1.392982e-18
-8.268175e-05
-2.241861e-18
8.078192e-05
3.051487e-18
-7.894421e-05
-3.823852e-18
7.716805e-05
4.560920e-18
-7.545282e-05
-5.264627e-18
7.379794e-05
5.936889e-18
-7.220281e-05
1.540770e-18
7.066685e-05
-7.544819e-19
-6.918947e-05
6.781312e-22
6.777011e-05
7.225202e-19
-6.640817e-05
-1.416967e-18
6.510308e-05
2.084493e-18
-6.385427e-05
-2.726901e-18
6.266118e-05
3.345973e-18
-6.152323e-05
-3.943466e-18
6.043988e-05
4.521110e-18
-5.941055e-05
-5.080615e-18
5.843469e-05
-9.663786e-19
-5.751174e-05
3.361810e-19
5.664115e-05
2.749374e-19
-5.582238e-05
-8.686527e-19
5.505487e-05
1.446617e-18
-5.433808e-05
-2.010459e-18
5.367146e-05
2.561785e-18
-5.305448e-05
-3.102176e-18
5.248659e-05
3.633193e-18
-5.196725e-05
-4.156370e-18
5.149594e-05
-1.156428e-18
-5.107212e-05
5.989069e-19
5.069526e-05
-5.006243e-20
-5.036482e-05
-4.916102e-19
5.008029e-05
1.027593e-18
-4.984112e-05
-1.559346e-18
-1.559346e-18
-4.984112e-05
1.027593e-18
5.008029e-05
-4.916102e-19
-5.036482e-05
-5.006243e-20
5.069526e-05
5.989069e-19
-5.107212e-05
-1.156428e-18
5.149594e-05
-4.156370e-18
-5.196725e-05
3.633193e-18
5.248659e-05
-3.102176e-18
-5.305448e-05
2.561785e-18
5.367146e-05
-2.010459e-18
-5.433808e-05
1.446617e-18
5.505487e-05
-8.686527e-19
-5.582238e-05
2.749374e-19
5.664115e-05
3.361810e-19
-5.751174e-05
-9.663786e-19
5.843469e-05
-5.080615e-18
-5.941055e-05
4.521110e-18
6.043988e-05
-3.943466e-18
-6.152323e-05
3.345973e-18
6.266118e-05
-2.726901e-18
-6.385427e-05
2.084493e-18
6.510308e-05
-1.416967e-18
-6.640817e-05
7.225202e-19
6.777011e-05
6.781312e-22
-6.918947e-05
-7.544819e-19
7.066685e-05
1.540770e-18
-7.220281e-05
5.936889e-18
7.379794e-05
-5.264627e-18
-7.545282e-05
4.560920e-18
7.716805e-05
-3.823852e-18
-7.894421e-05
3.051487e-18
8.078192e-05
-2.241861e-18
-8.268175e-05
1.392982e-18
8.464434e-05
-5.028367e-19
-8.667027e-05
-4.306185e-19
8.876016e-05
1.409452e-18
-9.091465e-05
-2.435758e-18
9.313433e-05
-7.205464e-18
-9.541984e-05
6.341421e-18
9.777182e-05
-5.431049e-18
-1.001909e-04
4.472216e-18
1.026777e-04
-3.462764e-18
-1.052329e-04
2.400505e-18
1.078572e-04
-1.283226e-18
-1.105511e-04
1.086844e-19
1.133154e-04
1.125392e-18
-1.161507e-04
-2.421304e-18
1.190577e-04
3.781379e-18
-1.220371e-04
8.838503e-18
1.250896e-04
-7.694202e-18
-1.282158e-04
6.486997e-18
1.314165e-04
-5.214518e-18
-1.346923e-04
3.874365e-18
1.380441e-04
-2.464109e-18
-1.414725e-04
9.812892e-19
1.449782e-04
5.765877e-19
-1.485619e-04
-2.212046e-18
1.522246e-04
3.927641e-18
-1.559668e-04
1.222154e-17
1.597893e-04
-1.077705e-17
-1.636930e-04
9.253811e-18
1.676786e-04
-7.649236e-18
-1.717469e-04
5.960688e-18
1.758987e-04
-4.185498e-18
-1.801348e-04
2.320961e-18
1.844561e-04
-3.643400e-19
-1.888633e-04
-1.687141e-18
1.933574e-04
3.836292e-18
-1.979392e-04
-6.085962e-18
2.026096e-04
-1.486429e-17
-2.073694e-04
1.295113e-17
2.122195e-04
-1.093900e-17
-2.171610e-04
8.825001e-18
2.221946e-04
-6.606191e-18
-2.273213e-04
4.279590e-18
2.325422e-04
-1.842179e-18
-2.378581e-04
-7.091034e-19
2.432700e-04
3.377362e-18
-2.487790e-04
-6.165743e-18
2.543861e-04
-2.016586e-17
-2.600924e-04
1.778201e-17
2.658988e-04
-1.527978e-17
-2.718064e-04
1.265595e-17
2.778165e-04
-9.907282e-18
-2.839300e-04
7.030462e-18
2.901481e-04
-4.022145e-18
-2.964720e-04
8.789325e-19
3.029028e-04
2.402625e-18
-3.094419e-04
-5.826028e-18
3.160903e-04
9.394834e-18
-3.228494e-04
2.398005e-17
3.297205e-04
-2.089713e-17
-3.367048e-04
1.767075e-17
3.438037e-04
-1.429730e-17
-3.510185e-04
1.077308e-17
3.583507e-04
-7.094355e-18
-3.658017e-04
3.257315e-18
3.733730e-04
7.419088e-19
-3.810660e-04
1.697512e-17
3.888822e-04
-1.308750e-17
-3.968233e-04
9.032850e-18
4.048908e-04
-4.807117e-18
-4.130864e-04
4.061876e-19
4.214117e-04
-2.001977e-17
-4.298684e-04
1.574031e-17
4.384584e-04
-1.128049e-17
-4.471834e-04
6.636005e-18
4.560453e-04
-1.802470e-18
-4.650460e-04
-3.224589e-18
4.741873e-04
-1.876755e-17
-4.834714e-04
1.387154e-17
4.929003e-04
-8.776361e-18
-5.024759e-04
3.477325e-18
5.122006e-04
2.030365e-18
-5.220766e-04
2.220898e-17
5.321061e-04
-1.684374e-17
-5.422915e-04
1.126381e-17
5.526351e-04
-5.464140e-18
-5.631395e-04
-5.604417e-19
5.738072e-04
6.815201e-18
-5.846409e-04
2.023896e-17
5.956431e-04
-1.413783e-17
-6.068168e-04
7.799845e-18
6.181647e-04
-1.219412e-18
-6.296899e-04
-5.609177e-18
6.413953e-04
-2.410393e-17
-6.532841e-04
1.744245e-17
6.653595e-04
-1.052559e-17
-6.776250e-04
3.347261e-18
6.900837e-04
4.098746e-18
-7.027394e-04
2.849127e-17
7.155957e-04
-2.122720e-17
-7.286564e-04
1.368759e-17
7.419253e-04
-5.865785e-18
-7.554065e-04
-2.245022e-18
7.691042e-04
-3.346069e-17
-7.830226e-04
2.554826e-17
7.971663e-04
-1.733822e-17
-8.115398e-04
8.823258e-18
8.261479e-04
4.127568e-21
-8.409955e-04
-9.151661e-18
8.560877e-04
-3.046993e-17
-8.714299e-04
2.153737e-17
8.870275e-04
-1.227481e-17
-9.028861e-04
2.673935e-18
9.190117e-04
7.273855e-18
-9.354104e-04
3.606653e-17
9.520886e-04
-2.635422e-17
-9.690526e-04
1.628406e-17
9.863095e-04
-5.846743e-18
-1.003866e-03
-4.967359e-18
1.021730e-03
1.616818e-17
-1.039909e-03
3.186955e-17
1.058411e-03
-2.092521e-17
-1.077244e-03
9.581354e-18
1.096416e-03
2.172873e-18
-1.115938e-03
-1.434872e-17
1.135817e-03
-3.817870e-17
-1.156064e-03
2.628580e-17
1.176689e-03
-1.395682e-17
-1.197703e-03
1.179362e-18
1.219115e-03
1.205942e-17
-1.240939e-03
4.539559e-17
1.263186e-03
-3.247048e-17
-1.285867e-03
1.906753e-17
1.308998e-03
-5.172520e-18
-1.332590e-03
-9.229376e-18
1.356660e-03
-5.365808e-17
-1.381220e-03
3.960586e-17
1.406288e-03
-2.502775e-17
-1.431879e-03
9.907203e-18
1.458011e-03
5.773059e-18
-1.484701e-03
-2.203108e-17
1.511969e-03
-4.784745e-17
-1.539835e-03
3.197784e-17
1.568319e-03
-1.550696e-17
-1.597443e-03
-1.585540e-18
1.627231e-03
-2.735824e-17
-1.657706e-03
9.833560e-18
1.688894e-03
-4.009291e-17
-1.720822e-03
2.212606e-17
1.753518e-03
-3.464137e-18
-1.787012e-03
3.535624e-17
1.821336e-03
-1.621371e-17
-1.856523e-03
-3.679826e-18
1.892608e-03
-2.996056e-17
-1.929629e-03
9.542496e-18
1.967625e-03
1.169004e-17
-2.006637e-03
2.382773e-17
2.046711e-03
-2.020115e-18
-2.087893e-03
3.926451e-17
2.130234e-03
-1.686568e-17
-2.173786e-03
-6.462633e-18
2.218606e-03
-3.294625e-17
-2.264755e-03
8.964901e-18
2.312296e-03
-5.037436e-17
-2.361299e-03
2.572062e-17
2.411837e-03
6.035570e-21
-2.463988e-03
4.393244e-17
2.517837e-03
-1.745658e-17
-2.573473e-03
-1.020653e-17
2.630994e-03
-3.649804e-17
-2.690504e-03
7.994180e-18
2.752114e-03
2.183205e-17
-2.815946e-03
2.791308e-17
2.882130e-03
2.864220e-18
-2.950806e-03
4.974561e-17
3.022128e-03
-1.798074e-17
-3.096260e-03
-1.536595e-17
3.173383e-03
-4.093138e-17
-3.253692e-03
6.452470e-18
3.337401e-03
-6.625743e-17
-3.424741e-03
3.059957e-17
3.515969e-03
6.990536e-18
-3.611362e-03
5.739706e-17
3.711228e-03
-1.843311e-17
-3.815906e-03
3.223396e-17
3.925768e-03
-4.683374e-17
-4.041228e-03
4.012938e-18
4.162743e-03
-1.863097e-17
-4.290825e-03
3.415837e-17
4.426041e-03
1.322709e-17
-4.569030e-03
2.268989e-18
4.720508e-03
-1.880931e-17
-4.881281e-03
3.649156e-17
5.052261e-03
-5.542640e-17
-5.234485e-03
-6.598553e-21
5.429136e-03
-1.896770e-17
-5.637566e-03
3.942309e-17
5.861334e-03
2.344777e-17
-6.102242e-03
-3.059418e-18
6.362389e-03
-1.910574e-17
-6.644227e-03
4.327476e-17
6.950648e-03
-6.971593e-17
-7.285080e-03
-7.321900e-18
7.651620e-03
-1.922312e-17
-8.055206e-03
4.863980e-17
8.501844e-03
-1.927397e-17
-8.998913e-03
-1.363318e-17
9.555579e-03
-1.931954e-17
-1.018338e-02
5.674472e-17
1.089702e-02
-1.935982e-17
-1.171559e-02
-2.386488e-17
1.266425e-02
-1.939478e-17
-1.377695e-02
7.060060e-17
1.510056e-02
-1.942440e-17
-1.670167e-02
1.943720e-17
1.867822e-02
-1.944865e-17
-2.118040e-02
1.945877e-17
2.445078e-02
-1.946753e-17
-2.890839e-02
1.947496e-17
3.534472e-02
-1.948103e-17
-4.545581e-02
1.948575e-17
6.365136e-02
-1.948913e-17
-1.061003e-01
1.949115e-17
3.183230e-01
3.183230e-01
1.949115e-17
-1.061003e-01
-1.948913e-17
6.365136e-02
1.948575e-17
-4.545581e-02
-1.948103e-17
3.534472e-02
1.947496e-17
-2.890839e-02
-1.946753e-17
2.445078e-02
1.945877e-17
-2.118040e-02
-1.944865e-17
1.867822e-02
1.943720e-17
-1.670167e-02
-1.942440e-17
1.510056e-02
7.060060e-17
-1.377695e-02
-1.939478e-17
1.266425e-02
-2.386488e-17
-1.171559e-02
-1.935982e-17
1.089702e-02
5.674472e-17
-1.018338e-02
-1.931954e-17
9.555579e-03
-1.363318e-17
-8.998913e-03
-1.927397e-17
8.501844e-03
4.863980e-17
-8.055206e-03
-1.922312e-17
7.651620e-03
-7.321900e-18
-7.285080e-03
-6.971593e-17
6.950648e-03
4.327476e-17
-6.644227e-03
-1.910574e-17
6.362389e-03
-3.059418e-18
-6.102242e-03
2.344777e-17
5.861334e-03
3.942309e-17
-5.637566e-03
-1.896770e-17
5.429136e-03
-6.598553e-21
-5.234485e-03
-5.542640e-17
5.052261e-03
3.649156e-17
-4.881281e-03
-1.880931e-17
4.720508e-03
2.268989e-18
-4.569030e-03
1.322709e-17
4.426041e-03
3.415837e-17
-4.290825e-03
-1.863097e-17
4.162743e-03
4.012938e-18
-4.041228e-03
-4.683374e-17
3.925768e-03
3.223396e-17
-3.815906e-03
-1.843311e-17
3.711228e-03
5.739706e-17
-3.611362e-03
6.990536e-18
3.515969e-03
3.059957e-17
-3.424741e-03
-6.625743e-17
3.337401e-03
6.452470e-18
-3.253692e-03
-4.093138e-17
3.173383e-03
-1.536595e-17
-3.096260e-03
-1.798074e-17
3.022128e-03
4.974561e-17
-2.950806e-03
2.864220e-18
2.882130e-03
2.791308e-17
-2.815946e-03
2.183205e-17
2.752114e-03
7.994180e-18
-2.690504e-03
-3.649804e-17
2.630994e-03
-1.020653e-17
-2.573473e-03
-1.745658e-17
2.517837e-03
4.393244e-17
-2.463988e-03
6.035570e-21
2.411837e-03
2.572062e-17
-2.361299e-03
-5.037436e-17
2.312296e-03
8.964901e-18
-2.264755e-03
-3.294625e-17
2.218606e-03
-6.462633e-18
-2.173786e-03
-1.686568e-17
2.130234e-03
3.926451e-17
-2.087893e-03
-2.020115e-18
2.046711e-03
2.382773e-17
-2.006637e-03
1.169004e-17
1.967625e-03
9.542496e-18
-1.929629e-03
-2.996056e-17
1.892608e-03
-3.679826e-18
-1.856523e-03
-1.621371e-17
1.821336e-03
3.535624e-17
-1.787012e-03
-3.464137e-18
1.753518e-03
2.212606e-17
-1.720822e-03
-4.009291e-17
1.688894e-03
9.833560e-18
-1.657706e-03
-2.735824e-17
1.627231e-03
-1.585540e-18
-1.597443e-03
-1.550696e-17
1.568319e-03
3.197784e-17
-1.539835e-03
-4.784745e-17
1.511969e-03
-2.203108e-17
-1.484701e-03
5.773059e-18
1.458011e-03
9.907203e-18
-1.431879e-03
-2.502775e-17
1.406288e-03
3.960586e-17
-1.381220e-03
-5.365808e-17
1.356660e-03
-9.229376e-18
-1.332590e-03
-5.172520e-18
1.308998e-03
1.906753e-17
-1.285867e-03
-3.247048e-17
1.263186e-03
4.539559e-17
-1.240939e-03
1.205942e-17
1.219115e-03
1.179362e-18
-1.197703e-03
-1.395682e-17
1.176689e-03
2.628580e-17
-1.156064e-03
-3.817870e-17
1.135817e-03
-1.434872e-17
-1.115938e-03
2.172873e-18
1.096416e-03
9.581354e-18
-1.077244e-03
-2.092521e-17
1.058411e-03
3.186955e-17
-1.039909e-03
1.616818e-17
1.021730e-03
-4.967359e-18
-1.003866e-03
-5.846743e-18
9.863095e-04
1.628406e-17
-9.690526e-04
-2.635422e-17
9.520886e-04
3.606653e-17
-9.354104e-04
7.273855e-18
9.190117e-04
2.673935e-18
-9.028861e-04
-1.227481e-17
8.870275e-04
2.153737e-17
-8.714299e-04
-3.046993e-17
8.560877e-04
-9.151661e-18
-8.409955e-04
4.127568e-21
8.261479e-04
8.823258e-18
-8.115398e-04
-1.733822e-17
7.971663e-04
2.554826e-17
-7.830226e-04
-3.346069e-17
7.691042e-04
-2.245022e-18
-7.554065e-04
-5.865785e-18
7.419253e-04
1.368759e-17
-7.286564e-04
-2.122720e-17
7.155957e-04
2.849127e-17
-7.027394e-04
4.098746e-18
6.900837e-04
3.347261e-18
-6.776250e-04
-1.052559e-17
6.653595e-04
1.744245e-17
-6.532841e-04
-2.410393e-17
6.413953e-04
-5.609177e-18
-6.296899e-04
-1.219412e-18
6.181647e-04
7.799845e-18
-6.068168e-04
-1.413783e-17
5.956431e-04
2.023896e-17
-5.846409e-04
6.815201e-18
5.738072e-04
-5.604417e-19
-5.631395e-04
-5.464140e-18
5.526351e-04
1.126381e-17
-5.422915e-04
-1.684374e-17
5.321061e-04
2.220898e-17
-5.220766e-04
2.030365e-18
5.122006e-04
3.477325e-18
-5.024759e-04
-8.776361e-18
4.929003e-04
1.387154e-17
-4.834714e-04
-1.876755e-17
4.741873e-04
-3.224589e-18
-4.650460e-04
-1.802470e-18
4.560453e-04
6.636005e-18
-4.471834e-04
-1.128049e-17
4.384584e-04
1.574031e-17
-4.298684e-04
-2.001977e-17
4.214117e-04
4.061876e-19
-4.130864e-04
-4.807117e-18
4.048908e-04
9.032850e-18
-3.968233e-04
-1.308750e-17
3.888822e-04
1.697512e-17
-3.810660e-04
7.419088e-19
3.733730e-04
3.257315e-18
-3.658017e-04
-7.094355e-18
3.583507e-04
1.077308e-17
-3.510185e-04
-1.429730e-17
3.438037e-04
1.767075e-17
-3.367048e-04
-2.089713e-17
3.297205e-04
2.398005e-17
-3.228494e-04
9.394834e-18
3.160903e-04
-5.826028e-18
-3.094419e-04
2.402625e-18
3.029028e-04
8.789325e-19
-2.964720e-04
-4.022145e-18
2.901481e-04
7.030462e-18
-2.839300e-04
-9.907282e-18
2.778165e-04
1.265595e-17
-2.718064e-04
-1.527978e-17
2.658988e-04
1.778201e-17
-2.600924e-04
-2.016586e-17
2.543861e-04
-6.165743e-18
-2.487790e-04
3.377362e-18
2.432700e-04
-7.091034e-19
-2.378581e-04
-1.842179e-18
2.325422e-04
4.279590e-18
-2.273213e-04
-6.606191e-18
2.221946e-04
8.825001e-18
-2.171610e-04
-1.093900e-17
2.122195e-04
1.295113e-17
-2.073694e-04
-1.486429e-17
2.026096e-04
-6.085962e-18
-1.979392e-04
3.836292e-18
1.933574e-04
-1.687141e-18
-1.888633e-04
-3.643400e-19
1.844561e-04
2.320961e-18
-1.801348e-04
-4.185498e-18
1.758987e-04
5.960688e-18
-1.717469e-04
-7.649236e-18
1.676786e-04
9.253811e-18
-1.636930e-04
-1.077705e-17
1.597893e-04
1.222154e-17
-1.559668e-04
3.927641e-18
1.522246e-04
-2.212046e-18
-1.485619e-04
5.765877e-19
1.449782e-04
9.812892e-19
-1.414725e-04
-2.464109e-18
1.380441e-04
3.874365e-18
-1.346923e-04
-5.214518e-18
1.314165e-04
6.486997e-18
-1.282158e-04
-7.694202e-18
1.250896e-04
8.838503e-18
-1.220371e-04
3.781379e-18
1.190577e-04
-2.421304e-18
-1.161507e-04
1.125392e-18
1.133154e-04
1.086844e-19
-1.105511e-04
-1.283226e-18
1.078572e-04
2.400505e-18
-1.052329e-04
-3.462764e-18
1.026777e-04
4.472216e-18
-1.001909e-04
-5.431049e-18
9.777182e-05
6.341421e-18
-9.541984e-05
-7.205464e-18
9.313433e-05
-2.435758e-18
-9.091465e-05
1.409452e-18
8.876016e-05
-4.306185e-19
-8.667027e-05
-5.028367e-19
8.464434e-05
1.392982e-18
-8.268175e-05
-2.241861e-18
8.078192e-05
3.051487e-18
-7.894421e-05
-3.823852e-18
7.716805e-05
4.560920e-18
-7.545282e-05
-5.264627e-18
7.379794e-05
5.936889e-18
-7.220281e-05
1.540770e-18
7.066685e-05
-7.544819e-19
-6.918947e-05
6.781312e-22
6.777011e-05
7.225202e-19
-6.640817e-05
-1.416967e-18
6.510308e-05
2.084493e-18
-6.385427e-05
-2.726901e-18
6.266118e-05
3.345973e-18
-6.152323e-05
-3.943466e-18
6.043988e-05
4.521110e-18
-5.941055e-05
-5.080615e-18
5.843469e-05
-9.663786e-19
-5.751174e-05
3.361810e-19
5.664115e-05
2.749374e-19
-5.582238e-05
-8.686527e-19
5.505487e-05
1.446617e-18
-5.433808e-05
-2.010459e-18
5.367146e-05
2.561785e-18
-5.305448e-05
-3.102176e-18
5.248659e-05
3.633193e-18
-5.196725e-05
-4.156370e-18
5.149594e-05
-1.156428e-18
-5.107212e-05
5.989069e-19
5.069526e-05
-5.006243e-20
-5.036482e-05
-4.916102e-19
5.008029e-05
1.027593e-18
-4.984112e-05
-1.559346e-18
-1.559346e-18
-4.984112e-05
1.027593e-18
5.008029e-05
-4.916102e-19
-5.036482e-05
-5.006243e-20
5.069526e-05
5.989069e-19
-5.107212e-05
-1.156428e-18
5.149594e-05
-4.156370e-18
-5.196725e-05
3.633193e-18
5.248659e-05
-3.102176e-18
-5.305448e-05
2.561785e-18
5.367146e-05
-2.010459e-18
-5.433808e-05
1.446617e-18
5.505487e-05
-8.686527e-19
-5.582238e-05
2.749374e-19
5.664115e-05
3.361810e-19
-5.751174e-05
-9.663786e-19
5.843469e-05
-5.080615e-18
-5.941055e-05
4.521110e-18
6.043988e-05
-3.943466e-18
-6.152323e-05
3.345973e-18
6.266118e-05
-2.726901e-18
-6.385427e-05
2.084493e-18
6.510308e-05
-1.416967e-18
-6.640817e-05
7.225202e-19
6.777011e-05
6.781312e-22
-6.918947e-05
-7.544819e-19
7.066685e-05
1.540770e-18
-7.220281e-05
5.936889e-18
7.379794e-05
-5.264627e-18
-7.545282e-05
4.560920e-18
7.716805e-05
-3.823852e-18
-7.894421e-05
3.051487e-18
8.078192e-05
-2.241861e-18
-8.268175e-05
1.392982e-18
8.464434e-05
-5.028367e-19
-8.667027e-05
-4.306185e-19
8.876016e-05
1.409452e-18
-9.091465e-05
-2.435758e-18
9.313433e-05
-7.205464e-18
-9.541984e-05
6.341421e-18
9.777182e-05
-5.431049e-18
-1.001909e-04
4.472216e-18
1.026777e-04
-3.462764e-18
-1.052329e-04
2.400505e-18
1.078572e-04
-1.283226e-18
-1.105511e-04
1.086844e-19
1.133154e-04
1.125392e-18
-1.161507e-04
-2.421304e-18
1.190577e-04
3.781379e-18
-1.220371e-04
8.838503e-18
1.250896e-04
-7.694202e-18
-1.282158e-04
6.486997e-18
1.314165e-04
-5.214518e-18
-1.346923e-04
3.874365e-18
1.380441e-04
-2.464109e-18
-1.414725e-04
9.812892e-19
1.449782e-04
5.765877e-19
-1.485619e-04
-2.212046e-18
1.522246e-04
3.927641e-18
-1.559668e-04
1.222154e-17
1.597893e-04
-1.077705e-17
-1.636930e-04
9.253811e-18
1.676786e-04
-7.649236e-18
-1.717469e-04
5.960688e-18
1.758987e-04
-4.185498e-18
-1.801348e-04
2.320961e-18
1.844561e-04
-3.643400e-19
-1.888633e-04
-1.687141e-18
1.933574e-04
3.836292e-18
-1.979392e-04
-6.085962e-18
2.026096e-04
-1.486429e-17
-2.073694e-04
1.295113e-17
2.122195e-04
-1.093900e-17
-2.171610e-04
8.825001e-18
2.221946e-04
-6.606191e-18
-2.273213e-04
4.279590e-18
2.325422e-04
-1.842179e-18
-2.378581e-04
-7.091034e-19
2.432700e-04
3.377362e-18
-2.487790e-04
-6.165743e-18
2.543861e-04
-2.016586e-17
-2.600924e-04
1.778201e-17
2.658988e-04
-1.527978e-17
-2.718064e-04
1.265595e-17
2.778165e-04
-9.907282e-18
-2.839300e-04
7.030462e-18
2.901481e-04
-4.022145e-18
-2.964720e-04
8.789325e-19
3.029028e-04
2.402625e-18
-3.094419e-04
-5.826028e-18
3.160903e-04
9.394834e-18
-3.228494e-04
2.398005e-17
3.297205e-04
-2.089713e-17
-3.367048e-04
1.767075e-17
3.438037e-04
-1.429730e-17
-3.510185e-04
1.077308e-17
3.583507e-04
-7.094355e-18
-3.658017e-04
3.257315e-18
3.733730e-04
7.419088e-19
-3.810660e-04
1.697512e-17
3.888822e-04
-1.308750e-17
-3.968233e-04
9.032850e-18
4.048908e-04
-4.807117e-18
-4.130864e-04
4.061876e-19
4.214117e-04
-2.001977e-17
-4.298684e-04
1.574031e-17
4.384584e-04
-1.128049e-17
-4.471834e-04
6.636005e-18
4.560453e-04
-1.802470e-18
-4.650460e-04
-3.224589e-18
4.741873e-04
-1.876755e-17
-4.834714e-04
1.387154e-17
4.929003e-04
-8.776361e-18
-5.024759e-04
3.477325e-18
5.122006e-04
2.030365e-18
-5.220766e-04
2.220898e-17
5.321061e-04
-1.684374e-17
-5.422915e-04
1.126381e-17
5.526351e-04
-5.464140e-18
-5.631395e-04
-5.604417e-19
5.738072e-04
6.815201e-18
-5.846409e-04
2.023896e-17
5.956431e-04
-1.413783e-17
-6.068168e-04
7.799845e-18
6.181647e-04
-1.219412e-18
-6.296899e-04
-5.609177e-18
6.413953e-04
-2.410393e-17
-6.532841e-04
1.744245e-17
6.653595e-04
-1.052559e-17
-6.776250e-04
3.347261e-18
6.900837e-04
4.098746e-18
-7.027394e-04
2.849127e-17
7.155957e-04
-2.122720e-17
-7.286564e-04
1.368759e-17
7.419253e-04
-5.865785e-18
-7.554065e-04
-2.245022e-18
7.691042e-04
-3.346069e-17
-7.830226e-04
2.554826e-17
7.971663e-04
-1.733822e-17
-8.115398e-04
8.823258e-18
8.261479e-04
4.127568e-21
-8.409955e-04
-9.151661e-18
8.560877e-04
-3.046993e-17
-8.714299e-04
2.153737e-17
8.870275e-04
-1.227481e-17
-9.028861e-04
2.673935e-18
9.190117e-04
7.273855e-18
-9.354104e-04
3.606653e-17
9.520886e-04
-2.635422e-17
-9.690526e-04
1.628406e-17
9.863095e-04
-5.846743e-18
-1.003866e-03
-4.967359e-18
1.021730e-03
1.616818e-17
-1.039909e-03
3.186955e-17
1.058411e-03
-2.092521e-17
-1.077244e-03
9.581354e-18
1.096416e-03
2.172873e-18
-1.115938e-03
-1.434872e-17
1.135817e-03
-3.817870e-17
-1.156064e-03
2.628580e-17
1.176689e-03
-1.395682e-17
-1.197703e-03
1.179362e-18
1.219115e-03
1.205942e-17
-1.240939e-03
4.539559e-17
1.263186e-03
-3.247048e-17
-1.285867e-03
1.906753e-17
1.308998e-03
-5.172520e-18
-1.332590e-03
-9.229376e-18
1.356660e-03
-5.365808e-17
-1.381220e-03
3.960586e-17
1.406288e-03
-2.502775e-17
-1.431879e-03
9.907203e-18
1.458011e-03
5.773059e-18
-1.484701e-03
-2.203108e-17
1.511969e-03
-4.784745e-17
-1.539835e-03
3.197784e-17
1.568319e-03
-1.550696e-17
-1.597443e-03
-1.585540e-18
1.627231e-03
-2.735824e-17
-1.657706e-03
9.833560e-18
1.688894e-03
-4.009291e-17
-1.720822e-03
2.212606e-17
1.753518e-03
-3.464137e-18
-1.787012e-03
3.535624e-17
1.821336e-03
-1.621371e-17
-1.856523e-03
-3.679826e-18
1.892608e-03
-2.996056e-17
-1.929629e-03
9.542496e-18
1.967625e-03
1.169004e-17
-2.006637e-03
2.382773e-17
2.046711e-03
-2.020115e-18
-2.087893e-03
3.926451e-17
2.130234e-03
-1.686568e-17
-2.173786e-03
-6.462633e-18
2.218606e-03
-3.294625e-17
-2.264755e-03
8.964901e-18
2.312296e-03
-5.037436e-17
-2.361299e-03
2.572062e-17
2.411837e-03
6.035570e-21
-2.463988e-03
4.393244e-17
2.517837e-03
-1.745658e-17
-2.573473e-03
-1.020653e-17
2.630994e-03
-3.649804e-17
-2.690504e-03
7.994180e-18
2.752114e-03
2.183205e-17
-2.815946e-03
2.791308e-17
2.882130e-03
2.864220e-18
-2.950806e-03
4.974561e-17
3.022128e-03
-1.798074e-17
-3.096260e-03
-1.536595e-17
3.173383e-03
-4.093138e-17
-3.253692e-03
6.452470e-18
3.337401e-03
-6.625743e-17
-3.424741e-03
3.059957e-17
3.515969e-03
6.990536e-18
-3.611362e-03
5.739706e-17
3.711228e-03
-1.843311e-17
-3.815906e-03
3.223396e-17
3.925768e-03
-4.683374e-17
-4.041228e-03
4.012938e-18
4.162743e-03
-1.863097e-17
-4.290825e-03
3.415837e-17
4.426041e-03
1.322709e-17
-4.569030e-03
2.268989e-18
4.720508e-03
-1.880931e-17
-4.881281e-03
3.649156e-17
5.052261e-03
-5.542640e-17
-5.234485e-03
-6.598553e-21
5.429136e-03
-1.896770e-17
-5.637566e-03
3.942309e-17
5.861334e-03
2.344777e-17
-6.102242e-03
-3.059418e-18
6.362389e-03
-1.910574e-17
-6.644227e-03
4.327476e-17
6.950648e-03
-6.971593e-17
-7.285080e-03
-7.321900e-18
7.651620e-03
-1.922312e-17
-8.055206e-03
4.863980e-17
8.501844e-03
-1.927397e-17
-8.998913e-03
-1.363318e-17
9.555579e-03
-1.931954e-17
-1.018338e-02
5.674472e-17
1.089702e-02
-1.935982e-17
-1.171559e-02
-2.386488e-17
1.266425e-02
-1.939478e-17
-1.377695e-02
7.060060e-17
1.510056e-02
-1.942440e-17
-1.670167e-02
1.943720e-17
1.867822e-02
-1.944865e-17
-2.118040e-02
1.945877e-17
2.445078e-02
-1.946753e-17
-2.890839e-02
1.947496e-17
3.534472e-02
-1.948103e-17
-4.545581e-02
1.948575e-17
6.365136e-02
-1.948913e-17
-1.061003e-01
1.949115e-17
3.183230e-01
3.183230e-01
1.949115e-17
-1.061003e-01
-1.948913e-17
6.365136e-02
1.948575e-17
-4.545581e-02
-1.948103e-17
3.534472e-02
1.947496e-17
-2.890839e-02
-1.946753e-17
2.445078e-02
1.945877e-17
-2.118040e-02
-1.944865e-17
1.867822e-02
1.943720e-17
-1.670167e-02
-1.942440e-17
1.510056e-02
7.060060e-17
-1.377695e-02
-1.939478e-17
1.266425e-02
-2.386488e-17
-1.171559e-02
-1.935982e-17
1.089702e-02
5.674472e-17
-1.018338e-02
-1.931954e-17
9.555579e-03
-1.363318e-17
-8.998913e-03
-1.927397e-17
8.501844e-03
4.863980e-17
-8.055206e-03
-1.922312e-17
7.651620e-03
-7.321900e-18
-7.285080e-03
-6.971593e-17
6.950648e-03
4.327476e-17
-6.644227e-03
-1.910574e-17
6.362389e-03
-3.059418e-18
-6.102242e-03
2.344777e-17
5.861334e-03
3.942309e-17
-5.637566e-03
-1.896770e-17
5.429136e-03
-6.598553e-21
-5.234485e-03
-5.542640e-17
5.052261e-03
3.649156e-17
-4.881281e-03
-1.880931e-17
4.720508e-03
2.268989e-18
-4.569030e-03
1.322709e-17
4.426041e-03
3.415837e-17
-4.290825e-03
-1.863097e-17
4.162743e-03
4.012938e-18
-4.041228e-03
-4.683374e-17
3.925768e-03
3.223396e-17
-3.815906e-03
-1.843311e-17
3.711228e-03
5.739706e-17
-3.611362e-03
6.990536e-18
3.515969e-03
3.059957e-17
-3.424741e-03
-6.625743e-17
3.337401e-03
6.452470e-18
-3.253692e-03
-4.093138e-17
3.173383e-03
-1.536595e-17
-3.096260e-03
-1.798074e-17
3.022128e-03
4.974561e-17
-2.950806e-03
2.864220e-18
2.882130e-03
2.791308e-17
-2.815946e-03
2.183205e-17
2.752114e-03
7.994180e-18
-2.690504e-03
-3.649804e-17
2.630994e-03
-1.020653e-17
-2.573473e-03
-1.745658e-17
2.517837e-03
4.393244e-17
-2.463988e-03
6.035570e-21
2.411837e-03
2.572062e-17
-2.361299e-03
-5.037436e-17
2.312296e-03
8.964901e-18
-2.264755e-03
-3.294625e-17
2.218606e-03
-6.462633e-18
-2.173786e-03
-1.686568e-17
2.130234e-03
3.926451e-17
-2.087893e-03
-2.020115e-18
2.046711e-03
2.382773e-17
-2.006637e-03
1.169004e-17
1.967625e-03
9.542496e-18
-1.929629e-03
-2.996056e-17
1.892608e-03
-3.679826e-18
-1.856523e-03
-1.621371e-17
1.821336e-03
3.535624e-17
-1.787012e-03
-3.464137e-18
1.753518e-03
2.212606e-17
-1.720822e-03
-4.009291e-17
1.688894e-03
9.833560e-18
-1.657706e-03
-2.735824e-17
1.627231e-03
-1.585540e-18
-1.597443e-03
-1.550696e-17
1.568319e-03
3.197784e-17
-1.539835e-03
-4.784745e-17
1.511969e-03
-2.203108e-17
-1.484701e-03
5.773059e-18
1.458011e-03
9.907203e-18
-1.431879e-03
-2.502775e-17
1.406288e-03
3.960586e-17
-1.381220e-03
-5.365808e-17
1.356660e-03
-9.229376e-18
-1.332590e-03
-5.172520e-18
1.308998e-03
1.906753e-17
-1.285867e-03
-3.247048e-17
1.263186e-03
4.539559e-17
-1.240939e-03
1.205942e-17
1.219115e-03
1.179362e-18
-1.197703e-03
-1.395682e-17
1.176689e-03
2.628580e-17
-1.156064e-03
-3.817870e-17
1.135817e-03
-1.434872e-17
-1.115938e-03
2.172873e-18
1.096416e-03
9.581354e-18
-1.077244e-03
-2.092521e-17
1.058411e-03
3.186955e-17
-1.039909e-03
1.616818e-17
1.021730e-03
-4.967359e-18
-1.003866e-03
-5.846743e-18
9.863095e-04
1.628406e-17
-9.690526e-04
-2.635422e-17
9.520886e-04
3.606653e-17
-9.354104e-04
7.273855e-18
9.190117e-04
2.673935e-18
-9.028861e-04
-1.227481e-17
8.870275e-04
2.153737e-17
-8.714299e-04
-3.046993e-17
8.560877e-04
-9.151661e-18
-8.409955e-04
4.127568e-21
8.261479e-04
8.823258e-18
-8.115398e-04
-1.733822e-17
7.971663e-04
2.554826e-17
-7.830226e-04
-3.346069e-17
7.691042e-04
-2.245022e-18
-7.554065e-04
-5.865785e-18
7.419253e-04
1.368759e-17
-7.286564e-04
-2.122720e-17
7.155957e-04
2.849127e-17
-7.027394e-04
4.098746e-18
6.900837e-04
3.347261e-18
-6.776250e-04
-1.052559e-17
6.653595e-04
1.744245e-17
-6.532841e-04
-2.410393e-17
6.413953e-04
-5.609177e-18
-6.296899e-04
-1.219412e-18
6.181647e-04
7.799845e-18
-6.068168e-04
-1.413783e-17
5.956431e-04
2.023896e-17
-5.846409e-04
6.815201e-18
5.738072e-04
-5.604417e-19
-5.631395e-04
-5.464140e-18
5.526351e-04
1.126381e-17
-5.422915e-04
-1.684374e-17
5.321061e-04
2.220898e-17
-5.220766e-04
2.030365e-18
5.122006e-04
3.477325e-18
-5.024759e-04
-8.776361e-18
4.929003e-04
1.387154e-17
-4.834714e-04
-1.876755e-17
4.741873e-04
-3.224589e-18
-4.650460e-04
-1.802470e-18
4.560453e-04
6.636005e-18
-4.471834e-04
-1.128049e-17
4.384584e-04
1.574031e-17
-4.298684e-04
-2.001977e-17
4.214117e-04
4.061876e-19
-4.130864e-04
-4.807117e-18
4.048908e-04
9.032850e-18
-3.968233e-04
-1.308750e-17
3.888822e-04
1.697512e-17
-3.810660e-04
7.419088e-19
3.733730e-04
3.257315e-18
-3.658017e-04
-7.094355e-18
3.583507e-04
1.077308e-17
-3.510185e-04
-1.429730e-17
3.438037e-04
1.767075e-17
-3.367048e-04
-2.089713e-17
3.297205e-04
2.398005e-17
-3.228494e-04
9.394834e-18
3.160903e-04
-5.826028e-18
-3.094419e-04
2.402625e-18
3.029028e-04
8.789325e-19
-2.964720e-04
-4.022145e-18
2.901481e-04
7.030462e-18
-2.839300e-04
-9.907282e-18
2.778165e-04
1.265595e-17
-2.718064e-04
-1.527978e-17
2.658988e-04
1.778201e-17
-2.600924e-04
-2.016586e-17
2.543861e-04
-6.165743e-18
-2.487790e-04
3.377362e-18
2.432700e-04
-7.091034e-19
-2.378581e-04
-1.842179e-18
2.325422e-04
4.279590e-18
-2.273213e-04
-6.606191e-18
2.221946e-04
8.825001e-18
-2.171610e-04
-1.093900e-17
2.122195e-04
1.295113e-17
-2.073694e-04
-1.486429e-17
2.026096e-04
-6.085962e-18
-1.979392e-04
3.836292e-18
1.933574e-04
-1.687141e-18
-1.888633e-04
-3.643400e-19
1.844561e-04
2.320961e-18
-1.801348e-04
-4.185498e-18
1.758987e-04
5.960688e-18
-1.717469e-04
-7.649236e-18
1.676786e-04
9.253811e-18
-1.636930e-04
-1.077705e-17
1.597893e-04
1.222154e-17
-1.559668e-04
3.927641e-18
1.522246e-04
-2.212046e-18
-1.485619e-04
5.765877e-19
1.449782e-04
9.812892e-19
-1.414725e-04
-2.464109e-18
1.380441e-04
3.874365e-18
-1.346923e-04
-5.214518e-18
1.314165e-04
6.486997e-18
-1.282158e-04
-7.694202e-18
1.250896e-04
8.838503e-18
-1.220371e-04
3.781379e-18
1.190577e-04
-2.421304e-18
-1.161507e-04
1.125392e-18
1.133154e-04
1.086844e-19
-1.105511e-04
-1.283226e-18
1.078572e-04
2.400505e-18
-1.052329e-04
-3.462764e-18
1.026777e-04
4.472216e-18
-1.001909e-04
-5.431049e-18
9.777182e-05
6.341421e-18
-9.541984e-05
-7.205464e-18
9.313433e-05
-2.435758e-18
-9.091465e-05
1.409452e-18
8.876016e-05
-4.306185e-19
-8.667027e-05
-5.028367e-19
8.464434e-05
1.392982e-18
-8.268175e-05
-2.241861e-18
8.078192e-05
3.051487e-18
-7.894421e-05
-3.823852e-18
7.716805e-05
4.560920e-18
-7.545282e-05
-5.264627e-18
7.379794e-05
5.936889e-18
-7.220281e-05
1.540770e-18
7.066685e-05
-7.544819e-19
-6.918947e-05
6.781312e-22
6.777011e-05
7.225202e-19
-6.640817e-05
-1.416967e-18
6.510308e-05
2.084493e-18
-6.385427e-05
-2.726901e-18
6.266118e-05
3.345973e-18
-6.152323e-05
-3.943466e-18
6.043988e-05
4.521110e-18
-5.941055e-05
-5.080615e-18
5.843469e-05
-9.663786e-19
-5.751174e-05
3.361810e-19
5.664115e-05
2.749374e-19
-5.582238e-05
-8.686527e-19
5.505487e-05
1.446617e-18
-5.433808e-05
-2.010459e-18
5.367146e-05
2.561785e-18
-5.305448e-05
-3.102176e-18
5.248659e-05
3.633193e-18
-5.196725e-05
-4.156370e-18
5.149594e-05
-1.156428e-18
-5.107212e-05
5.989069e-19
5.069526e-05
-5.006243e-20
-5.036482e-05
-4.916102e-19
5.008029e-05
1.027593e-18
-4.984112e-05
-1.559346e-18
-1.559346e-18
-4.984112e-05
1.027593e-18
5.008029e-05
-4.916102e-19
-5.036482e-05
-5.006243e-20
5.069526e-05
5.989069e-19
-5.107212e-05
-1.156428e-18
5.149594e-05
-4.156370e-18
-5.196725e-05
3.633193e-18
5.248659e-05
-3.102176e-18
-5.305448e-05
2.561785e-18
5.367146e-05
-2.010459e-18
-5.433808e-05
1.446617e-18
5.505487e-05
-8.686527e-19
-5.582238e-05
2.749374e-19
5.664115e-05
3.361810e-19
-5.751174e-05
-9.663786e-19
5.843469e-05
-5.080615e-18
-5.941055e-05
4.521110e-18
6.043988e-05
-3.943466e-18
-6.152323e-05
3.345973e-18
6.266118e-05
-2.726901e-18
-6.385427e-05
2.084493e-18
6.510308e-05
-1.416967e-18
-6.640817e-05
7.225202e-19
6.777011e-05
6.781312e-22
-6.918947e-05
-7.544819e-19
7.066685e-05
1.540770e-18
-7.220281e-05
5.936889e-18
7.379794e-05
-5.264627e-18
-7.545282e-05
4.560920e-18
7.716805e-05
-3.823852e-18
-7.894421e-05
3.051487e-18
8.078192e-05
-2.241861e-18
-8.268175e-05
1.392982e-18
8.464434e-05
-5.028367e-19
-8.667027e-05
-4.306185e-19
8.876016e-05
1.409452e-18
-9.091465e-05
-2.435758e-18
9.313433e-05
-7.205464e-18
-9.541984e-05
6.341421e-18
9.777182e-05
-5.431049e-18
-1.001909e-04
4.472216e-18
1.026777e-04
-3.462764e-18
-1.052329e-04
2.400505e-18
1.078572e-04
-1.283226e-18
-1.105511e-04
1.086844e-19
1.133154e-04
1.125392e-18
-1.161507e-04
-2.421304e-18
1.190577e-04
3.781379e-18
-1.220371e-04
8.838503e-18
1.250896e-04
-7.694202e-18
-1.282158e-04
6.486997e-18
1.314165e-04
-5.214518e-18
-1.346923e-04
3.874365e-18
1.380441e-04
-2.464109e-18
-1.414725e-04
9.812892e-19
1.449782e-04
5.765877e-19
-1.485619e-04
-2.212046e-18
1.522246e-04
3.927641e-18
-1.559668e-04
1.222154e-17
1.597893e-04
-1.077705e-17
-1.636930e-04
9.253811e-18
1.676786e-04
-7.649236e-18
-1.717469e-04
5.960688e-18
1.758987e-04
-4.185498e-18
-1.801348e-04
2.320961e-18
1.844561e-04
-3.643400e-19
-1.888633e-04
-1.687141e-18
1.933574e-04
3.836292e-18
-1.979392e-04
-6.085962e-18
2.026096e-04
-1.486429e-17
-2.073694e-04
1.295113e-17
2.122195e-04
-1.093900e-17
-2.171610e-04
8.825001e-18
2.221946e-04
-6.606191e-18
-2.273213e-04
4.279590e-18
2.325422e-04
-1.842179e-18
-2.378581e-04
-7.091034e-19
2.432700e-04
3.377362e-18
-2.487790e-04
-6.165743e-18
2.543861e-04
-2.016586e-17
-2.600924e-04
1.778201e-17
2.658988e-04
-1.527978e-17
-2.718064e-04
1.265595e-17
2.778165e-04
-9.907282e-18
-2.839300e-04
7.030462e-18
2.901481e-04
-4.022145e-18
-2.964720e-04
8.789325e-19
3.029028e-04
2.402625e-18
-3.094419e-04
-5.826028e-18
3.160903e-04
9.394834e-18
-3.228494e-04
2.398005e-17
3.297205e-04
-2.089713e-17
-3.367048e-04
1.767075e-17
3.438037e-04
-1.429730e-17
-3.510185e-04
1.077308e-17
3.583507e-04
-7.094355e-18
-3.658017e-04
3.257315e-18
3.733730e-04
7.419088e-19
-3.810660e-04
1.697512e-17
3.888822e-04
-1.308750e-17
-3.968233e-04
9.032850e-18
4.048908e-04
-4.807117e-18
-4.130864e-04
4.061876e-19
4.214117e-04
-2.001977e-17
-4.298684e-04
1.574031e-17
4.384584e-04
-1.128049e-17
-4.471834e-04
6.636005e-18
4.560453e-04
-1.802470e-18
-4.650460e-04
-3.224589e-18
4.741873e-04
-1.876755e-17
-4.834714e-04
1.387154e-17
4.929003e-04
-8.776361e-18
-5.024759e-04
3.477325e-18
5.122006e-04
2.030365e-18
-5.220766e-04
2.220898e-17
5.321061e-04
-1.684374e-17
-5.422915e-04
1.126381e-17
5.526351e-04
-5.464140e-18
-5.631395e-04
-5.604417e-19
5.738072e-04
6.815201e-18
-5.846409e-04
2.023896e-17
5.956431e-04
-1.413783e-17
-6.068168e-04
7.799845e-18
6.181647e-04
-1.219412e-18
-6.296899e-04
-5.609177e-18
6.413953e-04
-2.410393e-17
-6.532841e-04
1.744245e-17
6.653595e-04
-1.052559e-17
-6.776250e-04
3.347261e-18
6.900837e-04
4.098746e-18
-7.027394e-04
2.849127e-17
7.155957e-04
-2.122720e-17
-7.286564e-04
1.368759e-17
7.419253e-04
-5.865785e-18
-7.554065e-04
-2.245022e-18
7.691042e-04
-3.346069e-17
-7.830226e-04
2.554826e-17
7.971663e-04
-1.733822e-17
-8.115398e-04
8.823258e-18
8.261479e-04
4.127568e-21
-8.409955e-04
-9.151661e-18
8.560877e-04
-3.046993e-17
-8.714299e-04
2.153737e-17
8.870275e-04
-1.227481e-17
-9.028861e-04
2.673935e-18
9.190117e-04
7.273855e-18
-9.354104e-04
3.606653e-17
9.520886e-04
-2.635422e-17
-9.690526e-04
1.628406e-17
9.863095e-04
-5.846743e-18
-1.003866e-03
-4.967359e-18
1.021730e-03
1.616818e-17
-1.039909e-03
3.186955e-17
1.058411e-03
-2.092521e-17
-1.077244e-03
9.581354e-18
1.096416e-03
2.172873e-18
-1.115938e-03
-1.434872e-17
1.135817e-03
-3.817870e-17
-1.156064e-03
2.628580e-17
1.176689e-03
-1.395682e-17
-1.197703e-03
1.179362e-18
1.219115e-03
1.205942e-17
-1.240939e-03
4.539559e-17
1.263186e-03
-3.247048e-17
-1.285867e-03
1.906753e-17
1.308998e-03
-5.172520e-18
-1.332590e-03
-9.229376e-18
1.356660e-03
-5.365808e-17
-1.381220e-03
3.960586e-17
1.406288e-03
-2.502775e-17
-1.431879e-03
9.907203e-18
1.458011e-03
5.773059e-18
-1.484701e-03
-2.203108e-17
1.511969e-03
-4.784745e-17
-1.539835e-03
3.197784e-17
1.568319e-03
-1.550696e-17
-1.597443e-03
-1.585540e-18
1.627231e-03
-2.735824e-17
-1.657706e-03
9.833560e-18
1.688894e-03
-4.009291e-17
-1.720822e-03
2.212606e-17
1.753518e-03
-3.464137e-18
-1.787012e-03
3.535624e-17
1.821336e-03
-1.621371e-17
-1.856523e-03
-3.679826e-18
1.892608e-03
-2.996056e-17
-1.929629e-03
9.542496e-18
1.967625e-03
1.169004e-17
-2.006637e-03
2.382773e-17
2.046711e-03
-2.020115e-18
-2.087893e-03
3.926451e-17
2.130234e-03
-1.686568e-17
-2.173786e-03
-6.462633e-18
2.218606e-03
-3.294625e-17
-2.264755e-03
8.964901e-18
2.312296e-03
-5.037436e-17
-2.361299e-03
2.572062e-17
2.411837e-03
6.035570e-21
-2.463988e-03
4.393244e-17
2.517837e-03
-1.745658e-17
-2.573473e-03
-1.020653e-17
2.630994e-03
-3.649804e-17
-2.690504e-03
7.994180e-18
2.752114e-03
2.183205e-17
-2.815946e-03
2.791308e-17
2.882130e-03
2.864220e-18
-2.950806e-03
4.974561e-17
3.022128e-03
-1.798074e-17
-3.096260e-03
-1.536595e-17
3.173383e-03
-4.093138e-17
-3.253692e-03
6.452470e-18
3.337401e-03
-6.625743e-17
-3.424741e-03
3.059957e-17
3.515969e-03
6.990536e-18
-3.611362e-03
5.739706e-17
3.711228e-03
-1.843311e-17
-3.815906e-03
3.223396e-17
3.925768e-03
-4.683374e-17
-4.041228e-03
4.012938e-18
4.162743e-03
-1.863097e-17
-4.290825e-03
3.415837e-17
4.426041e-03
1.322709e-17
-4.569030e-03
2.268989e-18
4.720508e-03
-1.880931e-17
-4.881281e-03
3.649156e-17
5.052261e-03
-5.542640e-17
-5.234485e-03
-6.598553e-21
5.429136e-03
-1.896770e-17
-5.637566e-03
3.942309e-17
5.861334e-03
2.344777e-17
-6.102242e-03
-3.059418e-18
6.362389e-03
-1.910574e-17
-6.644227e-03
4.327476e-17
6.950648e-03
-6.971593e-17
-7.285080e-03
-7.321900e-18
7.651620e-03
-1.922312e-17
-8.055206e-03
4.863980e-17
8.501844e-03
-1.927397e-17
-8.998913e-03
-1.363318e-17
9.555579e-03
-1.931954e-17
-1.018338e-02
5.674472e-17
1.089702e-02
-1.935982e-17
-1.171559e-02
-2.386488e-17
1.266425e-02
-1.939478e-17
-1.377695e-02
7.060060e-17
1.510056e-02
-1.942440e-17
-1.670167e-02
1.943720e-17
1.867822e-02
-1.944865e-17
-2.118040e-02
1.945877e-17
2.445078e-02
-1.946753e-17
-2.890839e-02
1.947496e-17
3.534472e-02
-1.948103e-17
-4.545581e-02
1.948575e-17
6.365136e-02
-1.948913e-17
-1.061003e-01
1.949115e-17
3.183230e-01
3.183230e-01
1.949115e-17
-1.061003e-01
-1.948913e-17
6.365136e-02
1.948575e-17
-4.545581e-02
-1.948103e-17
3.534472e-02
1.947496e-17
-2.890839e-02
-1.946753e-17
2.445078e-02
1.945877e-17
-2.118040e-02
-1.944865e-17
1.867822e-02
1.943720e-17
-1.670167e-02
-1.942440e-17
1.510056e-02
7.060060e-17
-1.377695e-02
-1.939478e-17
1.266425e-02
-2.386488e-17
-1.171559e-02
-1.935982e-17
1.089702e-02
5.674472e-17
-1.018338e-02
-1.931954e-17
9.555579e-03
-1.363318e-17
-8.998913e-03
-1.927397e-17
8.501844e-03
4.863980e-17
-8.055206e-03
-1.922312e-17
7.651620e-03
-7.321900e-18
-7.285080e-03
-6.971593e-17
6.950648e-03
4.327476e-17
-6.644227e-03
-1.910574e-17
6.362389e-03
-3.059418e-18
-6.102242e-03
2.344777e-17
5.861334e-03
3.942309e-17
-5.637566e-03
-1.896770e-17
5.429136e-03
-6.598553e-21
-5.234485e-03
-5.542640e-17
5.052261e-03
3.649156e-17
-4.881281e-03
-1.880931e-17
4.720508e-03
2.268989e-18
-4.569030e-03
1.322709e-17
4.426041e-03
3.415837e-17
-4.290825e-03
-1.863097e-17
4.162743e-03
4.012938e-18
-4.041228e-03
-4.683374e-17
3.925768e-03
3.223396e-17
-3.815906e-03
-1.843311e-17
3.711228e-03
5.739706e-17
-3.611362e-03
6.990536e-18
3.515969e-03
3.059957e-17
-3.424741e-03
-6.625743e-17
3.337401e-03
6.452470e-18
-3.253692e-03
-4.093138e-17
3.173383e-03
-1.536595e-17
-3.096260e-03
-1.798074e-17
3.022128e-03
4.974561e-17
-2.950806e-03
2.864220e-18
2.882130e-03
2.791308e-17
-2.815946e-03
2.183205e-17
2.752114e-03
7.994180e-18
-2.690504e-03
-3.649804e-17
2.630994e-03
-1.020653e-17
-2.573473e-03
-1.745658e-17
2.517837e-03
4.393244e-17
-2.463988e-03
6.035570e-21
2.411837e-03
2.572062e-17
-2.361299e-03
-5.037436e-17
2.312296e-03
8.964901e-18
-2.264755e-03
-3.294625e-17
2.218606e-03
-6.462633e-18
-2.173786e-03
-1.686568e-17
2.130234e-03
3.926451e-17
-2.087893e-03
-2.020115e-18
2.046711e-03
2.382773e-17
-2.006637e-03
1.169004e-17
1.967625e-03
9.542496e-18
-1.929629e-03
-2.996056e-17
1.892608e-03
-3.679826e-18
-1.856523e-03
-1.621371e-17
1.821336e-03
3.535624e-17
-1.787012e-03
-3.464137e-18
1.753518e-03
2.212606e-17
-1.720822e-03
-4.009291e-17
1.688894e-03
9.833560e-18
-1.657706e-03
-2.735824e-17
1.627231e-03
-1.585540e-18
-1.597443e-03
-1.550696e-17
1.568319e-03
3.197784e-17
-1.539835e-03
-4.784745e-17
1.511969e-03
-2.203108e-17
-1.484701e-03
5.773059e-18
1.458011e-03
9.907203e-18
-1.431879e-03
-2.502775e-17
1.406288e-03
3.960586e-17
-1.381220e-03
-5.365808e-17
1.356660e-03
-9.229376e-18
-1.332590e-03
-5.172520e-18
1.308998e-03
1.906753e-17
-1.285867e-03
-3.247048e-17
1.263186e-03
4.539559e-17
-1.240939e-03
1.205942e-17
1.219115e-03
1.179362e-18
-1.197703e-03
-1.395682e-17
1.176689e-03
2.628580e-17
-1.156064e-03
-3.817870e-17
1.135817e-03
-1.434872e-17
-1.115938e-03
2.172873e-18
1.096416e-03
9.581354e-18
-1.077244e-03
-2.092521e-17
1.058411e-03
3.186955e-17
-1.039909e-03
1.616818e-17
1.021730e-03
-4.967359e-18
-1.003866e-03
-5.846743e-18
9.863095e-04
1.628406e-17
-9.690526e-04
-2.635422e-17
9.520886e-04
3.606653e-17
-9.354104e-04
7.273855e-18
9.190117e-04
2.673935e-18
-9.028861e-04
-1.227481e-17
8.870275e-04
2.153737e-17
-8.714299e-04
-3.046993e-17
8.560877e-04
-9.151661e-18
-8.409955e-04
4.127568e-21
8.261479e-04
8.823258e-18
-8.115398e-04
-1.733822e-17
7.971663e-04
2.554826e-17
-7.830226e-04
-3.346069e-17
7.691042e-04
-2.245022e-18
-7.554065e-04
-5.865785e-18
7.419253e-04
1.368759e-17
-7.286564e-04
-2.122720e-17
7.155957e-04
2.849127e-17
-7.027394e-04
4.098746e-18
6.900837e-04
3.347261e-18
-6.776250e-04
-1.052559e-17
6.653595e-04
1.744245e-17
-6.532841e-04
-2.410393e-17
6.413953e-04
-5.609177e-18
-6.296899e-04
-1.219412e-18
6.181647e-04
7.799845e-18
-6.068168e-04
-1.413783e-17
5.956431e-04
2.023896e-17
-5.846409e-04
6.815201e-18
5.738072e-04
-5.604417e-19
-5.631395e-04
-5.464140e-18
5.526351e-04
1.126381e-17
-5.422915e-04
-1.684374e-17
5.321061e-04
2.220898e-17
-5.220766e-04
2.030365e-18
5.122006e-04
3.477325e-18
-5.024759e-04
-8.776361e-18
4.929003e-04
1.387154e-17
-4.834714e-04
-1.876755e-17
4.741873e-04
-3.224589e-18
-4.650460e-04
-1.802470e-18
4.560453e-04
6.636005e-18
-4.471834e-04
-1.128049e-17
4.384584e-04
1.574031e-17
-4.298684e-04
-2.001977e-17
4.214117e-04
4.061876e-19
-4.130864e-04
-4.807117e-18
4.048908e-04
9.032850e-18
-3.968233e-04
-1.308750e-17
3.888822e-04
1.697512e-17
-3.810660e-04
7.419088e-19
3.733730e-04
3.257315e-18
-3.658017e-04
-7.094355e-18
3.583507e-04
1.077308e-17
-3.510185e-04
-1.429730e-17
3.438037e-04
1.767075e-17
-3.367048e-04
-2.089713e-17
3.297205e-04
2.398005e-17
-3.228494e-04
9.394834e-18
3.160903e-04
-5.826028e-18
-3.094419e-04
2.402625e-18
3.029028e-04
8.789325e-19
-2.964720e-04
-4.022145e-18
2.901481e-04
7.030462e-18
-2.839300e-04
-9.907282e-18
2.778165e-04
1.265595e-17
-2.718064e-04
-1.527978e-17
2.658988e-04
1.778201e-17
-2.600924e-04
-2.016586e-17
2.543861e-04
-6.165743e-18
-2.487790e-04
3.377362e-18
2.432700e-04
-7.091034e-19
-2.378581e-04
-1.842179e-18
2.325422e-04
4.279590e-18
-2.273213e-04
-6.606191e-18
2.221946e-04
8.825001e-18
-2.171610e-04
-1.093900e-17
2.122195e-04
1.295113e-17
-2.073694e-04
-1.486429e-17
2.026096e-04
-6.085962e-18
-1.979392e-04
3.836292e-18
1.933574e-04
-1.687141e-18
-1.888633e-04
-3.643400e-19
1.844561e-04
2.320961e-18
-1.801348e-04
-4.185498e-18
1.758987e-04
5.960688e-18
-1.717469e-04
-7.649236e-18
1.676786e-04
9.253811e-18
-1.636930e-04
-1.077705e-17
1.597893e-04
1.222154e-17
-1.559668e-04
3.927641e-18
1.522246e-04
-2.212046e-18
-1.485619e-04
5.765877e-19
1.449782e-04
9.812892e-19
-1.414725e-04
-2.464109e-18
1.380441e-04
3.874365e-18
-1.346923e-04
-5.214518e-18
1.314165e-04
6.486997e-18
-1.282158e-04
-7.694202e-18
1.250896e-04
8.838503e-18
-1.220371e-04
3.781379e-18
1.190577e-04
-2.421304e-18
-1.161507e-04
1.125392e-18
1.133154e-04
1.086844e-19
-1.105511e-04
-1.283226e-18
1.078572e-04
2.400505e-18
-1.052329e-04
-3.462764e-18
1.026777e-04
4.472216e-18
-1.001909e-04
-5.431049e-18
9.777182e-05
6.341421e-18
-9.541984e-05
-7.205464e-18
9.313433e-05
-2.435758e-18
-9.091465e-05
1.409452e-18
8.876016e-05
-4.306185e-19
-8.667027e-05
-5.028367e-19
8.464434e-05
1.392982e-18
-8.268175e-05
-2.241861e-18
8.078192e-05
3.051487e-18
-7.894421e-05
-3.823852e-18
7.716805e-05
4.560920e-18
-7.545282e-05
-5.264627e-18
7.379794e-05
5.936889e-18
-7.220281e-05
1.540770e-18
7.066685e-05
-7.544819e-19
-6.918947e-05
6.781312e-22
6.777011e-05
7.225202e-19
-6.640817e-05
-1.416967e-18
6.510308e-05
2.084493e-18
-6.385427e-05
-2.726901e-18
6.266118e-05
3.345973e-18
-6.152323e-05
-3.943466e-18
6.043988e-05
4.521110e-18
-5.941055e-05
-5.080615e-18
5.843469e-05
-9.663786e-19
-5.751174e-05
3.361810e-19
5.664115e-05
2.749374e-19
-5.582238e-05
-8.686527e-19
5.505487e-05
1.446617e-18
-5.433808e-05
-2.010459e-18
5.367146e-05
2.561785e-18
-5.305448e-05
-3.102176e-18
5.248659e-05
3.633193e-18
-5.196725e-05
-4.156370e-18
5.149594e-05
-1.156428e-18
-5.107212e-05
5.989069e-19
5.069526e-05
-5.006243e-20
-5.036482e-05
-4.916102e-19
5.008029e-05
1.027593e-18
-4.984112e-05
-1.559346e-18
